0.000123307511653	0.0	0.0
0.000186658578855	-2.63971214681e-08	-0.00042815108213
0.000187161783346	2.63971019407e-08	-0.00128794740647
0.000187900617344	-2.70323883165e-08	-0.00213911815036
0.000187437708229	2.65539357201e-08	-0.00299220472353
0.000187195771081	-2.56201201367e-08	-0.00385018575763
0.000186888997266	2.82242073968e-08	-0.00470435596812
-5.9122403509e-05	1.34317161548e-06	-0.00555649082926
-0.000307568394164	2.77673065161e-06	-0.00641704095733
-0.00030786593827	2.72571746152e-06	-0.00727540692656
-0.00030816692047	2.7805738572e-06	-0.00812961606424
-0.000431464244581	3.83574940555e-06	-0.00898587891432
-0.000431773296444	3.78559809514e-06	-0.00984432389817
-0.000432068503411	3.84117446135e-06	-0.0106985721578
-0.000432366263203	3.79143567933e-06	-0.0115569381271
-0.000432659966251	3.84750186607e-06	-0.0124111961672
-0.000432949313687	3.79817128125e-06	-0.0132695031246
-0.000433059857084	3.85238946277e-06	-0.0141250325413
-0.000433186201507	3.80132091944e-06	-0.0149822068433
-0.000433506430742	3.85878169832e-06	-0.0158362793087
-0.000556804699159	5.86433464952e-06	-0.0166926306259
-0.000557102806313	5.81638242765e-06	-0.0175509969741
-0.000557404672477	5.87435370471e-06	-0.018405195947
-0.000557704310809	5.8269381413e-06	-0.0192635723628
-0.000558000470812	5.88532068954e-06	-0.0201178102761
-0.000558311512543	5.83864132794e-06	-0.0209762653365
-0.000558611742475	5.89761672645e-06	-0.0218304742829
-0.000558908676948	5.85116646729e-06	-0.0226888308018
-0.000559189123205	5.91021773016e-06	-0.0235431764642
-0.00055947900185	5.8641111453e-06	-0.0244014834215
-0.000559777626753	5.92408094944e-06	-0.0252557021017
-0.000683057193567	9.09107165405e-06	-0.026112092731
-0.000806307122026	1.23629230552e-05	-0.0269682966211
-0.000929569765045	1.57407267382e-05	-0.0278246086151
-0.000929874047161	1.56962510341e-05	-0.0286830142811
-0.000930186485303	1.57578965855e-05	-0.029537135195
-0.00105344004486	1.94523306152e-05	-0.0303934471907
-0.00105376147662	1.94091473624e-05	-0.0312519712183
-0.00105407372668	1.94715944651e-05	-0.0321060923315
-0.00117732304798	2.34828332526e-05	-0.0329624436486
-0.00117762189582	2.3439737311e-05	-0.0338208099969
-0.00117790447665	2.35020006172e-05	-0.0346751361394
-0.00130114308408	2.7829858651e-05	-0.0355314874419
-0.00130144053887	2.77874778296e-05	-0.0363898433478
-0.00130173976911	2.78510716766e-05	-0.0372440526767
-0.00142494281101	3.24945986725e-05	-0.0381002369092
-0.00142525180557	3.24534129437e-05	-0.0389586722595
-0.0014255551559	3.25179404148e-05	-0.0398128518133
-0.00142586563501	3.24773396724e-05	-0.0406712969939
-0.00142615901575	3.25419896168e-05	-0.0415255450659
-0.00148775396588	3.5101224687e-05	-0.0428099589981
-0.00148775396588	3.5101224687e-05	-0.0436704485071
-0.00154934778281	3.78191878474e-05	-0.0440985995892
-0.00154965277619	3.7779670913e-05	-0.0449570054485
-0.00154995294043	3.78458923317e-05	-0.0458112044213
-0.00155026507872	3.78072192155e-05	-0.0466696594817
-0.00155056369445	3.7873888226e-05	-0.0475238684281
-0.0015509041404	3.78370808104e-05	-0.0483825198304
-0.00155122074892	3.79051302063e-05	-0.0492366028861
-0.00167435924648	4.40258066143e-05	-0.0500927871295
-0.00167466444346	4.39881171854e-05	-0.0509511927956
-0.00167492760292	4.40542858017e-05	-0.0518056462768
-0.00167521432458	4.40161658385e-05	-0.0526639230267
-0.00167552370253	4.40852074812e-05	-0.0535180543171
-0.00167581769251	4.40479613491e-05	-0.0543763811617
-0.00155269673165	3.72936110122e-05	-0.0552326735437
-0.00155281053966	3.73527280654e-05	-0.0560881637596
-0.00155295443909	3.73078696825e-05	-0.0569454460335
-0.0015532635186	3.73782352972e-05	-0.0577995773239
-0.00155355766536	3.73422482274e-05	-0.0586579041685
-0.00155384986285	3.74121659272e-05	-0.0595121520527
-0.00155415540131	3.73773528895e-05	-0.0603705577188
-0.00143107010913	2.98846916118e-05	-0.0612268990086
-0.00143138034735	2.99564689339e-05	-0.0620810201218
-0.00143168742185	2.99225302614e-05	-0.06293943586
-0.00130858663746	2.21114728313e-05	-0.0637960217105
-0.00130890215954	2.21843939966e-05	-0.0646501047662
-0.00130918519542	2.21496928612e-05	-0.0655083526251
-0.00130886403597	2.21816684051e-05	-0.066366865586
-0.00130857390247	2.21096003957e-05	-0.0672211240232
-0.00118554844826	1.37742984246e-05	-0.0680774261874
-0.00118583846145	1.38468628486e-05	-0.0689316846011
-0.00118612584595	1.38136622149e-05	-0.0697899617136
-0.00106312782935	5.16275092304e-06	-0.0706462247558
-0.00106341914071	5.2361645753e-06	-0.0715004728278
-0.00106374198766	5.2062209268e-06	-0.0723589962433
-0.000940753961386	-3.76156928179e-06	-0.0732153472966
-0.000941074428186	-3.68526773681e-06	-0.0740693910429
-0.000941374767391	-3.71604801745e-06	-0.0749277572016
-0.000941665761756	-3.64138778286e-06	-0.0757820052736
-0.000942131274731	-3.65918750822e-06	-0.0766415213721
-0.000819336862557	-1.31416945968e-05	-0.0774967992281
-0.000819655662434	-1.3064124961e-05	-0.0783508522888
-0.0008199618302	-1.3093174049e-05	-0.0792092581481
-0.000697052159452	-2.29021270786e-05	-0.0800655114009
-0.000574136891028	-3.28174510187e-05	-0.0809218624822
-0.000574421843237	-3.27414987715e-05	-0.0817761494956
-0.000574721000105	-3.2770078525e-05	-0.0826345058258
-0.000451825996168	-4.30016053854e-05	-0.0834908960246
-0.000452044712856	-4.29304194068e-05	-0.0843456432317
-0.000452350585608	-4.29576715723e-05	-0.0852040458598
-0.000329494908189	-5.35038637102e-05	-0.0860603480241
-0.000329808452656	-5.3423960004e-05	-0.0869144330035
-0.000330144063448	-5.34478539755e-05	-0.0877730424395
-0.000207327090719	-6.43086358106e-05	-0.0886292664793
-0.000207634824768	-6.4228422474e-05	-0.0894833905281
-0.000207953568447	-6.42529656682e-05	-0.0903418819451
-8.51550976298e-05	-7.54301006738e-05	-0.0911981743421
3.76421610071e-05	-8.67131551312e-05	-0.0920545253441
3.73417343573e-05	-8.6632534218e-05	-0.0929086984239
3.70187511755e-05	-8.66555999054e-05	-0.0937672188349
0.000159779616483	-9.82534269399e-05	-0.0946235209992
0.000159451456062	-9.81693946913e-05	-0.0954774991742
0.000158958031279	-9.81753868445e-05	-0.0963372081679
0.000281525345627	-0.000110072814242	-0.0971923706999
0.000281218338212	-0.000109989971485	-0.0980464949474
0.000280923340924	-0.000110014129289	-0.0989048192853
0.000403641201072	-0.000122244310565	-0.0997612484625
0.000526312151031	-0.000134575928268	-0.100617423651
0.000526030505559	-0.000134494555308	-0.101471722918
0.000525736840215	-0.000134517845798	-0.102330037394
0.000525431541051	-0.000134433557582	-0.103184170566
0.000525113811347	-0.000134453867722	-0.104042652766
0.000647760219217	-0.000147313655162	-0.104899033092
0.000647460790245	-0.000147229175608	-0.105753205735
0.000647152936293	-0.000147249718855	-0.106611618614
0.000769758908354	-0.000160423786355	-0.107467950085
0.000769454102965	-0.000160337936748	-0.108322083654
0.000769134924762	-0.000160356468115	-0.109180575272
0.000891701055566	-0.000173844845704	-0.110036867668
0.000891350330603	-0.000173753135541	-0.110890678878
0.000891091337956	-0.000173777527592	-0.111748749652
0.000890803175063	-0.000173692192916	-0.112602996926
0.000890496129863	-0.000173710733104	-0.11346140322
0.00101299919465	-0.000187723189406	-0.114317666247
0.00101271825162	-0.000187637915403	-0.115171962447
0.00101227618076	-0.0001876401104	-0.1160313123
0.00101184806205	-0.000187537247896	-0.116884578555
0.00101152268805	-0.000187552338028	-0.117743112465
0.00101121839829	-0.000187463315996	-0.118597243359
0.00101090006406	-0.000187478687637	-0.119455727861
0.00113330435088	-0.000202223695243	-0.120311902878
0.00113301278689	-0.000202135397144	-0.121166121178
0.00113271827727	-0.000202152846234	-0.122024438749
0.00113243100645	-0.000202064555043	-0.122878686023
0.001132129408	-0.000202080630969	-0.123737052987
0.00113183110185	-0.000201990461438	-0.12459122198
0.00113151255943	-0.000202003909529	-0.125449707334
0.00125384443089	-0.000217484635274	-0.126306009498
0.00125355197639	-0.000217394410777	-0.127160217823
0.00125324469384	-0.000217408479434	-0.128018624117
0.00125295379177	-0.000217317933487	-0.128872842226
0.00125264227998	-0.000217330932686	-0.129731277968
0.00137490116096	-0.000233334556074	-0.130587540999
0.00137460909544	-0.000233243080254	-0.131441749323
0.00137388905893	-0.000233201452793	-0.132303046337
0.0013731981914	-0.000233056556211	-0.133154459845
0.00137289788077	-0.000233069724052	-0.134012816741
0.00137261171584	-0.00023297799898	-0.134867064203
0.00137230295861	-0.000232989513036	-0.135725480135
0.00149460328892	-0.000249744810804	-0.136582721485
0.00149420662084	-0.000249637179019	-0.137436192737
0.00149393442695	-0.000249652944793	-0.138294352155
0.00149365563522	-0.000249560963491	-0.139148648538
0.00149336649375	-0.000249573900662	-0.140006926603
0.00149310457818	-0.000249483790827	-0.140861340225
0.00149281546671	-0.000249496240082	-0.141719617927
0.00149252585964	-0.000249401720974	-0.142573836226
0.0014922254383	-0.000249412059534	-0.143432193122
0.00149193457182	-0.000249316839883	-0.144286401447
0.0014916270934	-0.000249325644157	-0.145144807741
0.00161364291112	-0.000267214389684	-0.146001197964
0.00161333980781	-0.000267116593063	-0.146855318678
0.00161303230779	-0.000267124607422	-0.147713724973
0.00161274882008	-0.000267029177129	-0.148567982219
0.00161244834217	-0.000267037714745	-0.149426339115
0.00161215805167	-0.000266940753319	-0.150280547439
0.001611850526	-0.000266947714375	-0.151138953733
0.00173373324726	-0.000285563898335	-0.151995177623
0.00173346126183	-0.000285468949219	-0.152849512784
0.00173315515297	-0.00028547534046	-0.153707909005
0.00173287226898	-0.000285378216724	-0.154562166438
0.00173257736729	-0.000285385826547	-0.155420483824
0.0017322876632	-0.000285287126831	-0.156274692149
0.00173198569615	-0.000285293123481	-0.157133059113
0.00185378943044	-0.000304645073769	-0.157989527626
0.00185350563361	-0.000304546528213	-0.158843775698
0.00185322752574	-0.000304555562974	-0.159701974771
0.00185296743557	-0.000304460312509	-0.160556388394
0.00185267254619	-0.000304466162997	-0.16141470541
0.00197436449412	-0.000324334913937	-0.162270978226
0.00197406855512	-0.000324233102453	-0.163125137874
0.00197376096541	-0.000324236113003	-0.163983544168
0.00197385162441	-0.000324197566105	-0.164840423606
0.00197390678997	-0.000324260234519	-0.165696276299
0.00209549866247	-0.000344647505385	-0.166552451305
0.00209521702274	-0.000344546751794	-0.167406708551
0.00209490526923	-0.00034454774525	-0.168265144097
0.00209460580001	-0.000344443459269	-0.169119274544
0.00209429121895	-0.000344443437478	-0.16997773
0.00221581134729	-0.000365353976147	-0.170834022381
0.00221553572167	-0.000365252977825	-0.171688318948
0.00221525749599	-0.000365258435495	-0.172546518196
0.00221499168432	-0.000365158641217	-0.173400882715
0.00221468831817	-0.000365159231453	-0.17425925913
0.00233612335324	-0.000386590848226	-0.175115590644
0.00233583709062	-0.000386486716675	-0.175969809134
0.00233554209362	-0.000386488012087	-0.17682812652
0.00245692306042	-0.000408231756826	-0.177684467822
0.0024566425862	-0.00040812787907	-0.178538725255
0.00245634758684	-0.000408128416657	-0.179397042641
0.00245608390168	-0.000408027063678	-0.180251417298
0.00245579313173	-0.000408027864962	-0.181109704829
0.00257709097308	-0.000430293145561	-0.181966124391
0.00257678055674	-0.000430182489611	-0.18282016726
0.0025764729674	-0.00043017944198	-0.183678573554
0.00257618062627	-0.000430071569288	-0.184532742742
0.00257586744697	-0.000430066952912	-0.185391188562
0.00269705361879	-0.0004528484996	-0.186247500511
0.0026967657166	-0.000452740658453	-0.187101699099
0.00269644701299	-0.000452734191725	-0.187960184052
0.00281755627019	-0.000475823560017	-0.188816368826
0.00281728245336	-0.000475717612007	-0.189670665026
0.0028169818784	-0.00047571379544	-0.190529021922
0.00293805355344	-0.000499118475304	-0.191385363224
0.00293787826893	-0.000499030818963	-0.192240354412
0.00293673202574	-0.000498861999388	-0.193104693793
0.00305701060391	-0.000522434899677	-0.193955852134
0.00305655374212	-0.000522291565125	-0.194808849128
0.00305426816982	-0.000521895420236	-0.195681255472
0.00317573507163	-0.000546026368232	-0.196541260186
0.00317492726494	-0.000545812058036	-0.197391769801
0.00317436990058	-0.00054575467063	-0.198251945387
0.00329522905488	-0.000570088001	-0.199108087212
0.00329536205828	-0.000570060925751	-0.199965257416
0.00329546717395	-0.000570136046049	-0.200820740378
0.00341626874065	-0.000594780843198	-0.201676919898
0.00341572011449	-0.000594615036049	-0.202529258574
0.00341514512238	-0.000594551112147	-0.20338956126
0.00353588830068	-0.000619507244429	-0.204245778492
0.00353534132241	-0.000619340280676	-0.205098125821
0.0035347449045	-0.000619270397933	-0.205958581647
0.00365543554225	-0.000644539145475	-0.206814883811
0.00377665761055	-0.000670027529884	-0.207675111024
0.00389676724563	-0.000695389920927	-0.208527598592
0.00389619471173	-0.000695215068399	-0.209379759428
0.00389562818459	-0.000695148906294	-0.210240005227
0.00401623744202	-0.000720940117077	-0.211096505605
0.00413679267362	-0.000746827771998	-0.211952779466
0.00413622330875	-0.00074665151065	-0.212804958533
0.00413564488052	-0.000746580792672	-0.213665290511
0.0042561318851	-0.000772777753227	-0.214521554924
0.00437664156215	-0.000799087729761	-0.215378140251
0.00449708352158	-0.000825491028588	-0.216234404685
0.00449650971128	-0.000825311189939	-0.217086546745
0.00449567174737	-0.000825180800951	-0.21794872639
0.00461581692112	-0.000851842907362	-0.218803365302
0.00473645280845	-0.000878722108845	-0.219661657945
0.00485652459979	-0.000905583816362	-0.22051610091
0.00497681738664	-0.000932602911674	-0.221372280473
0.00497648571956	-0.000932474306034	-0.222226139348
0.00497612887662	-0.00093244795504	-0.223084898825
0.00509635317977	-0.000959776268711	-0.223941087786
0.00521682030747	-0.000987268272269	-0.224799173363
0.00533679188699	-0.00101475551455	-0.225653896848
0.00545693897226	-0.00104239107219	-0.226510038673
0.00557730725436	-0.00107018603415	-0.227367925953
0.00569773390444	-0.00109810331714	-0.228226399612
0.00581738598468	-0.00112594929934	-0.229079521766
0.00593762005989	-0.00115403887745	-0.229936964108
0.00605741718735	-0.00118213472132	-0.230791461869
0.0061774418596	-0.00121039215468	-0.231647754596
0.00629768300886	-0.00123880924372	-0.232505765023
0.00629689423521	-0.00123856857956	-0.233356351738
0.0062963386909	-0.00123849104495	-0.234216531633
0.00641632141584	-0.00126717268142	-0.235073220923
0.00653642610029	-0.00129599226644	-0.235930956987
0.0066560670383	-0.00132480912509	-0.236785557378
0.0067759333897	-0.00135378868008	-0.237641944498
0.00689576695288	-0.00138286895289	-0.238498274976
0.00701586604342	-0.00141212258546	-0.23935668161
0.00713535398521	-0.00144133603245	-0.240210898988
0.00725510848755	-0.00147072308427	-0.241067201153
0.00737482062859	-0.00150020844646	-0.241923380637
0.00749453650674	-0.00152980346838	-0.242779767758
0.00761421380351	-0.00155949772922	-0.243636060485
0.00773387881722	-0.00158929774208	-0.24449244759
0.00785354594737	-0.00161920714205	-0.245349032836
0.0079731188991	-0.00164920184934	-0.246205127544
0.0080926740193	-0.00167930089792	-0.247061278758
0.00821221781275	-0.00170950595299	-0.247917533734
0.00833174887322	-0.00173981669764	-0.248773883092
0.00845184792147	-0.0017703809568	-0.249634488851
0.00857074787416	-0.00180074903277	-0.250486689092
0.00869017039651	-0.00183135901201	-0.251342821441
0.00880971275906	-0.00186210880017	-0.252200001332
0.00892899602763	-0.00189290097846	-0.253055512333
0.00904836319636	-0.00192382376408	-0.253911814497
0.00916793003536	-0.00195490755619	-0.254769739661
0.00928700825277	-0.00198597341034	-0.255624349752
0.00940630085103	-0.00201720410522	-0.256480689667
0.00952577563635	-0.00204859184436	-0.257338530042
0.00964477882927	-0.00207996484562	-0.258193177262
0.00976400263563	-0.00211150500825	-0.25904960214
0.00988389286689	-0.00214333135851	-0.259911009655
0.0100023484059	-0.00217488610609	-0.260762303931
0.0101214619023	-0.00220672474425	-0.261618521171
0.0102407922474	-0.00223873084311	-0.262476493847
0.0103596484095	-0.00227071909585	-0.263331254208
0.0104786915273	-0.00230286681354	-0.264187556373
0.0105979339419	-0.00233517793089	-0.265045490829
0.0107166905973	-0.00236746681387	-0.265900129303
0.0107161157675	-0.00236725581297	-0.266752194683
0.0107152637446	-0.00236707810068	-0.267614529561
0.0108344760479	-0.00239982000223	-0.268473049637
0.0109528123505	-0.0024324305919	-0.269325462409
0.0110718753946	-0.00246535067771	-0.270183311948
0.0111904815018	-0.00249825397424	-0.27103807231
0.011309306053	-0.00253132727979	-0.271894610354
0.01142803682	-0.00256448408395	-0.272750676768
0.0115469707081	-0.00259780739356	-0.273608413085
0.0116654842241	-0.00263112258166	-0.274463323499
0.011784129414	-0.00266458425711	-0.275319389804
0.0117836060912	-0.00266438181003	-0.2761718123
0.0117830320318	-0.00266427424592	-0.277032153446
0.0119016235379	-0.00269804989309	-0.27788845561
0.0120201795452	-0.00273192521131	-0.27874471059
0.0121387195668	-0.0027659057761	-0.279601059944
0.0122575086181	-0.00280006783855	-0.280459419347
0.012375690003	-0.00283416500377	-0.281313598976
0.0123751666563	-0.00283395906374	-0.282166012462
0.0123746156998	-0.00283385455776	-0.283026191322
0.0124930078443	-0.00286834195654	-0.283882531245
0.0126115739321	-0.00290299020055	-0.284740343609
0.0127297001144	-0.00293761990317	-0.285595187909
0.0128480032693	-0.00297241133652	-0.286451527824
0.0128476779416	-0.00297226063191	-0.287305366964
0.0128473365415	-0.00297221495747	-0.288164032506
0.012965543418	-0.00300730824413	-0.289020325231
0.0130839559996	-0.00304257296129	-0.28987832652
0.0132024203792	-0.00307796379033	-0.290736922837
0.0132014019574	-0.0030776044379	-0.291585733924
0.0132006107736	-0.00307742245463	-0.29244766164
0.0133184292047	-0.00311295029496	-0.293302235077
0.0134364438042	-0.0031486473405	-0.294158452342
0.0134361093036	-0.00314849100426	-0.295012216434
0.0134357407998	-0.00314843436662	-0.295871081297
0.0135536685055	-0.00318443604157	-0.296727336286
0.0136715445529	-0.00322053231359	-0.297583440293
0.0137896508416	-0.00325680971234	-0.298441441732
0.0137888962409	-0.00325652269999	-0.299292149055
0.0137883312785	-0.00325640388266	-0.300152443282
0.0139061154497	-0.00329291373843	-0.301008783205
0.0140243861727	-0.00332968545257	-0.301868889185
0.014023355994	-0.00332930986685	-0.302717585221
0.0140227916006	-0.00332918916447	-0.303577878294
0.0141404331617	-0.00336609697863	-0.304434095526
0.0142580612273	-0.00340311121689	-0.305290444884
0.0142575209774	-0.00340288586908	-0.306142698271
0.0142568338415	-0.00340272436417	-0.307003888201
0.0143742396815	-0.00344000052672	-0.30785931428
0.0144917506378	-0.00347742074869	-0.308715739159
0.0144914028488	-0.00347725459224	-0.309569389561
0.0144910324475	-0.00347719171459	-0.310428274552
0.0146084572358	-0.00351491701915	-0.31128477493
0.0147263061146	-0.00355288995874	-0.312144605553
0.0148431592948	-0.00359065300339	-0.3129974081
0.0148426287495	-0.0035904260684	-0.313849719521
0.0148418414532	-0.00359022640012	-0.314711649864
0.0149588499449	-0.00362837164761	-0.315566297701
0.0150760470551	-0.00366668922379	-0.316422562121
0.0150757057235	-0.00366652208115	-0.317276250271
0.0150753462426	-0.00366645976905	-0.318135059074
0.0151924445356	-0.00370507826926	-0.31899132348
0.0151919305034	-0.00370485315251	-0.319843745635
0.0151913668481	-0.0037047223355	-0.320704049033
0.0153083861795	-0.00374364839652	-0.32156046446
0.0153082945829	-0.00374356228869	-0.322415973996
0.0153081047921	-0.00374355462945	-0.323273542935
0.0154249439142	-0.00378275446802	-0.324129373817
0.0155418086153	-0.00382207419488	-0.324985638237
0.0155412626531	-0.00382183480079	-0.325837816486
0.0155406775807	-0.00382169311336	-0.326698282673
0.0156574460344	-0.00386131467136	-0.327554584837
0.0157741689391	-0.00390103226414	-0.32841080207
0.0157737600817	-0.00390083737432	-0.329263980008
0.0157733075974	-0.00390073875868	-0.330123476904
0.0158899499385	-0.00394076356686	-0.33097985457
0.0160067519714	-0.00398095500913	-0.331837657065
0.0160060124962	-0.003980644723	-0.332688402001
0.0160049175737	-0.00398032276626	-0.333552620892
0.0161211699282	-0.00402065986561	-0.334407145836
0.0161203733021	-0.00402032757288	-0.3352574648
0.0161198169607	-0.00402018990362	-0.336117729738
0.016236426403	-0.00406098633187	-0.336975645893
0.0162356885318	-0.00406067225044	-0.337826390828
0.0162351169639	-0.00406052768608	-0.338686770441
0.0162351447813	-0.00406048150608	-0.3395431481
0.0162349337011	-0.00406046303181	-0.340400874981
0.0163509453648	-0.00410160887855	-0.341255681922
0.0163504097733	-0.00410136290491	-0.342107907356
0.0163497638058	-0.00410118921415	-0.342968839931
0.0164663718852	-0.00414288401258	-0.343828827528
0.0164653151662	-0.00414245009627	-0.344677204949
0.016464772013	-0.00414231144711	-0.345537382344
0.0164642477577	-0.00414206687742	-0.346389683625
0.016463601417	-0.00414189001762	-0.34725062449
0.0165794607872	-0.00418387747648	-0.348106408391
0.0165789972889	-0.00418365335074	-0.348959153794
0.0165784873663	-0.00418352423441	-0.349819090081
0.016577979634	-0.00418328305893	-0.350671505708
0.0165772095061	-0.00418305793444	-0.351533367411
0.0166927281208	-0.00422548248914	-0.352387968586
0.0166921800933	-0.00422522498355	-0.353240081516
0.016691368658	-0.00422498245769	-0.354102253202
0.0166908803491	-0.0042247458977	-0.354954804932
0.0166905866541	-0.00422469347672	-0.355813145866
0.0166902941838	-0.00422452861533	-0.356667145229
0.0166899683874	-0.00422446371252	-0.357525724692
0.0166894469589	-0.00422421282233	-0.358378024915
0.0166888797186	-0.00422405700504	-0.359238395362
0.0166883600288	-0.00422380571281	-0.360090705288
0.0166877918209	-0.00422364845977	-0.3609510849
0.0168031399823	-0.0042672475635	-0.361807424812
0.0168026146913	-0.00426699257521	-0.362659688349
0.0166873565315	-0.00422320227898	-0.363515914306
0.0166867836866	-0.00422304111298	-0.364376332391
0.0168019818339	-0.00426703505618	-0.365232672303
0.0168016592498	-0.00426685534879	-0.366086436171
0.0168012918383	-0.00426677120711	-0.366945329739
0.0168007628385	-0.00426651159407	-0.367797555891
0.0167999910759	-0.00426627115777	-0.368659459285
0.0167992673309	-0.00426593532783	-0.369510232551
0.0166843067448	-0.00422135450035	-0.370366496612
0.016683745299	-0.00422119340094	-0.371226838117
0.0167988406983	-0.00426605394465	-0.372084678627
0.0167981028858	-0.00426570970462	-0.37293533844
0.0167974982423	-0.00426553012152	-0.373796005117
0.0167969749362	-0.00426526841949	-0.374648260377
0.016796456501	-0.00426512153609	-0.375508286174
0.0167959559598	-0.00426486772465	-0.376360707986
0.0166812664735	-0.0042194857759	-0.37721724834
0.0166805941952	-0.00421927653626	-0.378078425921
0.0166799419982	-0.00421896101934	-0.378929709844
0.0166793832273	-0.00421879562506	-0.379790041822
0.0166790960492	-0.00421862429979	-0.380644050573
0.016678761752	-0.00421854754806	-0.381502705946
0.0166782415371	-0.00421828224507	-0.382354969127
0.0166774580135	-0.00421802443739	-0.383216987339
0.0166767343404	-0.00421767613712	-0.384067723972
0.0166761803381	-0.00421750945289	-0.384928026658
0.0167904399975	-0.00426385736956	-0.385784291075
0.0167901362272	-0.00426367717687	-0.386638167748
0.0167893287837	-0.00426340583702	-0.387500373612
0.016788431149	-0.00426298291623	-0.388349794425
0.0167879367569	-0.00426283792589	-0.389209655317
0.016787413572	-0.00426256656111	-0.390061880751
0.0167868350537	-0.00426238607781	-0.390922375057
0.0167863074045	-0.00426211178806	-0.391774563469
0.0167858078701	-0.00426196277745	-0.392634466743
0.0167853579317	-0.00426171953415	-0.393487235622
0.0167847801341	-0.00426153711143	-0.394347729182
0.0167844441916	-0.00426134030585	-0.395201352218
0.0167840919807	-0.00426125075205	-0.396060151029
0.0167835869104	-0.00426098259367	-0.396912498706
0.0167828174129	-0.00426071767369	-0.397774440203
0.0167823759703	-0.00426047515917	-0.398627263604
0.0167820635565	-0.00426040101084	-0.399485764915
0.0167815310321	-0.00426011915834	-0.400337898736
0.0167807778041	-0.00425985809551	-0.401199724447
0.0167800504733	-0.00425949258561	-0.402050385375
0.0167794792114	-0.00425930732516	-0.40291084157
0.0167789960973	-0.00425904427316	-0.403763341009
0.0167784671689	-0.00425887596363	-0.404623479976
0.0167779320355	-0.00425858964048	-0.405475583101
0.0167773650849	-0.00425840399947	-0.40633601154
0.0167769339388	-0.00425816124032	-0.407188896953
0.0167764474408	-0.0042580091486	-0.408048719471
0.0167759456791	-0.00425773497944	-0.408901067584
0.0167740202001	-0.00425695912672	-0.409771780831
0.0167722396672	-0.00425612909187	-0.410614445263
0.0167717334176	-0.00425596651772	-0.411474421318
0.0168849355319	-0.00430542396175	-0.412332299441
0.0168842234649	-0.00430505524892	-0.413183044864
0.0168836694767	-0.0043048702861	-0.41404338601
0.0168833510382	-0.00430467285577	-0.414897111907
0.0168829718411	-0.004304563704	-0.415756129356
0.0168824450102	-0.00430427368225	-0.41660827105
0.0168819079232	-0.00430409401183	-0.417468488708
0.0168814073283	-0.00430381449133	-0.418320825898
0.0168808428575	-0.00430362160469	-0.41918125397
0.0168803379251	-0.00430333908328	-0.420033554546
0.0168793028249	-0.00430293513492	-0.420897563849
0.016878329172	-0.00430244194847	-0.421746295158
0.0168777767407	-0.00430225222738	-0.422606636663
0.0168772777379	-0.00430197020549	-0.423458974989
0.0168765368072	-0.00430169452703	-0.424320754546
0.0168758388315	-0.00430132164529	-0.425171573261
0.0168752407536	-0.00430110909295	-0.426032267647
0.0168749038936	-0.00430089842518	-0.426885834865
0.016874557236	-0.00430079891239	-0.427744614305
0.0169867233794	-0.0043519928088	-0.428600840974
0.0169864226265	-0.00435179750872	-0.42945467968
0.0169860774113	-0.00435169764808	-0.430313450066
0.0169858313489	-0.00435152675424	-0.431167704022
0.0169854779261	-0.00435142245203	-0.432026538446
0.0169851498285	-0.00435121322007	-0.432880162957
0.0169848212693	-0.0043511197069	-0.433738808581
0.0169843057968	-0.00435082306146	-0.43459099663
0.0169837620244	-0.00435062912423	-0.435451290857
0.0169832826075	-0.00435034811561	-0.436303751111
0.0169827430372	-0.00435015504941	-0.437164015697
0.0169822383409	-0.00434986119471	-0.438016278522
0.016981590849	-0.00434961655992	-0.438877373067
0.0169810003062	-0.00434928135213	-0.439728973588
0.0169804625501	-0.00434908697918	-0.440589229352
0.016980181341	-0.0043488961795	-0.44144319994
0.0169793454952	-0.00434856002271	-0.442305747358
0.0169783878597	-0.00434804858415	-0.443154518898
0.0169776217962	-0.00434774380899	-0.444016534441
0.0169768855137	-0.00434733549713	-0.444867001129
0.0169763487634	-0.00434713836375	-0.445727256893
0.0169758563117	-0.00434684483223	-0.446579594433
0.0169750945803	-0.00434653900568	-0.447441584698
0.0170860244419	-0.00439983308546	-0.448296222552
0.017085543773	-0.00439954358756	-0.449148645048
0.0170850017377	-0.00439934120443	-0.45000894809
0.0170845057534	-0.00439904325383	-0.450861248666
0.017083949199	-0.00439883275346	-0.451721666385
0.0170834330303	-0.00439852392376	-0.452573807254
0.0170826989993	-0.00439822609393	-0.453435597924
0.0170820716746	-0.00439786201458	-0.454286876188
0.0170815778385	-0.00439767985101	-0.455146814899
0.0170812945521	-0.0043974825899	-0.456000747729
0.0170809423248	-0.00439736880764	-0.456859593778
0.0170804436057	-0.00439706511549	-0.457711857315
0.0170796867039	-0.00439675150633	-0.458573836916
0.0170789961632	-0.00439635210742	-0.459424611153
0.0170784821482	-0.00439615697089	-0.460284713475
0.0170780049403	-0.00439586170957	-0.461137135629
0.0170772650266	-0.00439555340604	-0.461998991887
0.0170765865048	-0.00439515694012	-0.462849848703
0.0170760374719	-0.00439494225407	-0.463710227953
0.0170760161296	-0.00439487257771	-0.464566180983
0.0170759474625	-0.00439489724228	-0.465422832566
0.0170754513622	-0.00439458929066	-0.466275096103
0.0170749190001	-0.00439438073529	-0.467135351516
0.0171848656121	-0.0044498932739	-0.46799067205
0.0171845112444	-0.0044496552105	-0.468844032018
0.0171839586122	-0.00444943476012	-0.469704449371
0.0171836529205	-0.0044492205641	-0.470558185157
0.0171832926383	-0.00444909671301	-0.471417107144
0.0171827585334	-0.00444876549629	-0.472269060058
0.0171819606381	-0.00444841761367	-0.473131395473
0.0171812725563	-0.0044480064517	-0.47398214297
0.0171807517714	-0.00444779890053	-0.47484232071
0.0171802887691	-0.00444750178556	-0.475694819813
0.017179763508	-0.00444729085597	-0.476555035294
0.0172893030886	-0.0045038989798	-0.477411299717
0.0172888167514	-0.00450358822209	-0.478263610434
0.0172882979455	-0.00450337900532	-0.479123779684
0.0172878216021	-0.00450307232498	-0.479976164422
0.0172868016061	-0.00450260139617	-0.480840259465
0.0173956462044	-0.00455944266913	-0.481692987466
0.0173951046431	-0.00455910029567	-0.482544855081
0.0173944512446	-0.00455881795558	-0.483406086302
0.0173939192699	-0.0045584793741	-0.484258024483
0.0173931906381	-0.00455815612612	-0.485119849703
0.017392999664	-0.00455799589461	-0.485974459645
0.017392925701	-0.00455801655932	-0.486831148789
0.0173926130984	-0.00455779154176	-0.487684801119
0.0173922792555	-0.00455767439623	-0.488543532401
0.0173917808525	-0.00455734998448	-0.489395720813
0.0173912328208	-0.00455711819915	-0.490256138532
0.0173907349281	-0.00455679290973	-0.491108326581
0.0173902029789	-0.00455656856596	-0.491968620807
0.0173897665649	-0.00455627503959	-0.492821288733
0.0173892462565	-0.00455605582321	-0.493681494258
0.0173887447864	-0.00455572630663	-0.494533645295
0.0173882136538	-0.00455550016634	-0.495393939166
0.0174966781828	-0.00461416754756	-0.496250288524
0.0174968384169	-0.00461419419434	-0.497107657149
0.0174969085682	-0.00461429226637	-0.497963206173
0.0174963931962	-0.00461395228667	-0.498815236163
0.0174956401815	-0.00461360259432	-0.49967729197
0.0174949536872	-0.00461316809575	-0.500527963784
0.0174944348531	-0.00461294475015	-0.501388171132
0.0176027697917	-0.00467238414771	-0.502246294975
0.0176020643069	-0.0046719368538	-0.503096807503
0.0176015350854	-0.00467170614904	-0.50395710173
0.0176010522168	-0.00467137986461	-0.504809373193
0.0176003022548	-0.00467102618547	-0.505671421521
0.0175996382551	-0.00467059857483	-0.506522251084
0.0175991003752	-0.00467036082005	-0.507382620355
0.0175988718607	-0.00467017352104	-0.508236903384
0.0175985908797	-0.00467007757746	-0.509095234251
0.0175980945021	-0.00466974034514	-0.509947384921
0.0175975369308	-0.00466948929057	-0.510807917338
0.0177049350196	-0.00472973775516	-0.511663077942
0.0177045819117	-0.00472947913427	-0.512516362493
0.0176508450603	-0.00469924317768	-0.513800853847
0.0176508450603	-0.00469924317768	-0.514668739505
0.0177044989328	-0.00472961499969	-0.515096890587
0.0177040233338	-0.00472928539518	-0.51594919081
0.0177032870356	-0.00472892886726	-0.516811161893
0.017702626663	-0.00472849321798	-0.517661982054
0.0177020890693	-0.00472824812334	-0.518522370465
0.0177016336751	-0.00472792776386	-0.519374823148
0.017701138407	-0.0047277056834	-0.52023487643
0.0177006657204	-0.00472737433361	-0.521087186355
0.0177001348288	-0.0047271307591	-0.521947527861
0.01769967097	-0.00472680334603	-0.522799903938
0.0176991655485	-0.00472657328552	-0.523660044698
0.017698698578	-0.00472624295976	-0.524512391329
0.017698133984	-0.00472597760431	-0.525373009878
0.0176978442736	-0.00472574881055	-0.526226774474
0.017697525803	-0.00472562504535	-0.527085420565
0.0176970659714	-0.00472529661334	-0.527937815432
0.0176963448705	-0.00472493761676	-0.528799699153
0.0178025790313	-0.00478707187966	-0.52965435592
0.0178031313251	-0.00478733374296	-0.530514886551
0.0178033681756	-0.00478753373732	-0.531369067119
0.0178026718064	-0.00478706361944	-0.53221954576
0.0178021734396	-0.0047868316706	-0.533079647321
0.0178017284324	-0.00478650806152	-0.533932145753
0.0178010344155	-0.00478615946695	-0.534793828495
0.0178003888421	-0.00478571607248	-0.535644704001
0.0177998734069	-0.00478547182462	-0.5365049498
0.0177994108042	-0.00478513557939	-0.537357297129
0.0177988745152	-0.00478487778622	-0.538217714848
0.0177983881225	-0.00478452621619	-0.539069865152
0.0177978580743	-0.00478427097006	-0.539930235962
0.0177979540355	-0.00478426689287	-0.540787095012
0.0177979757258	-0.00478434147111	-0.541643001264
0.0177975196976	-0.00478400576319	-0.542495387815
0.0177968076067	-0.00478363854046	-0.543357241479
0.0179021399617	-0.00484732110182	-0.544212011377
0.0179016534614	-0.00484696527815	-0.545064143636
0.0177960278888	-0.00478285899268	-0.545922179707
0.0177957224619	-0.00478273537914	-0.546780740142
0.0177952737906	-0.00478240075389	-0.54763317242
0.0177947566785	-0.00478214751621	-0.548493455967
0.0177944640918	-0.00478190705402	-0.549347153496
0.0177941227472	-0.00478176016721	-0.550206009774
0.0178996990974	-0.0048465817334	-0.551066342195
0.0178992069627	-0.00484621761956	-0.551918408572
0.0178991398796	-0.00484623833654	-0.552775031831
0.017898681748	-0.00484589395584	-0.553627370507
0.0178981591501	-0.0048456332924	-0.554487711293
0.0178976785415	-0.00484527385564	-0.555339861598
0.0178971375554	-0.00484500062191	-0.556200356278
0.0178966667974	-0.00484464609776	-0.557052582071
0.0178959702932	-0.00484427487394	-0.557914352588
0.0180003942331	-0.00490950254954	-0.558769366047
0.0179999186807	-0.00490914325253	-0.559621545114
0.01799919406	-0.00490875204637	-0.5604835538
0.0179985500134	-0.00490828589769	-0.561334346719
0.0179976265194	-0.00490776809462	-0.562197991882
0.0179970327749	-0.00490733199986	-0.56304919099
0.0179967667991	-0.00490722668855	-0.563907445283
0.0181009398287	-0.00497316882107	-0.564763624814
0.0181006408948	-0.00497291711178	-0.565617237705
0.0181002892556	-0.0049727566178	-0.566476198662
0.0180998324336	-0.00497240379953	-0.56732850894
0.0180993087838	-0.00497213302621	-0.568188888189
0.0180988331449	-0.0049717670385	-0.569041038494
0.0180983005779	-0.00497148937379	-0.569901495059
0.0180978346777	-0.00497112840529	-0.570753720493
0.0180973268832	-0.00497086541311	-0.571613976609
0.0180969037309	-0.00497053072123	-0.57246654981
0.0180961486965	-0.00497010738425	-0.573328851689
0.0181994778271	-0.00503688713156	-0.574183228545
0.0181991893289	-0.00503663782107	-0.575036908009
0.0181988565417	-0.00503648523948	-0.575895725638
0.0181983973738	-0.00503612444299	-0.576747988819
0.0181976784088	-0.00503572013705	-0.577610007032
0.0181970401854	-0.00503524155913	-0.57846078127
0.0181965483866	-0.0050349837641	-0.579320921688
0.0181962678188	-0.00503473731827	-0.580174656286
0.018195903652	-0.00503456196517	-0.581033740934
0.0181954521098	-0.00503420259685	-0.581886052003
0.01819494287	-0.00503393107335	-0.58274634472
0.0182978699511	-0.00510183361831	-0.583602646885
0.0182978990614	-0.00510178957488	-0.584458949049
0.0182978325057	-0.00510180886893	-0.585315562603
0.0182973499814	-0.00510142603326	-0.586167602775
0.0182967847669	-0.00510111442382	-0.587028371691
0.0182962782217	-0.00510071436062	-0.587880206094
0.0182952853576	-0.00510011666792	-0.588744547402
0.0182943694317	-0.0050994421714	-0.589592958587
0.0182938519832	-0.00509915983641	-0.590453337473
0.0182933846538	-0.00509878337977	-0.591305488144
0.0182926579173	-0.00509835943813	-0.592167621196
0.0182920144869	-0.00509786339308	-0.593018293009
0.0182915276	-0.0050975992117	-0.593878424159
0.0183939041727	-0.00516678642101	-0.594736501121
0.0183934649097	-0.00516642584127	-0.595588873483
0.0183931614707	-0.00516628415272	-0.596447471872
0.0183927153848	-0.00516591777496	-0.597299781798
0.0183920139575	-0.00516550494791	-0.598161723796
0.0183913710379	-0.00516500337067	-0.599012374825
0.0183908549547	-0.00516471527591	-0.599872764783
0.0183904078507	-0.00516434581726	-0.600725055567
0.0183898923049	-0.00516405686863	-0.601585445161
0.0183894234609	-0.0051636713003	-0.602437547545
0.0182878295887	-0.00509373894982	-0.603294049864
0.0182872504301	-0.00509340437753	-0.604154982028
0.0182867374501	-0.00509298648432	-0.605006703726
0.0182862096559	-0.0050926860108	-0.605867207186
0.0182862062281	-0.00509261943138	-0.606723226325
0.0182861481793	-0.0050926434242	-0.607579764499
0.0182856962922	-0.00509226522078	-0.608431990652
0.0182851279162	-0.00509193397971	-0.609292846196
0.018284644877	-0.00509153283036	-0.610144803132
0.0182841851892	-0.0050912761378	-0.611004742814
0.0182837899498	-0.00509093512136	-0.611857438104
0.0182833026326	-0.0050906579637	-0.612717615843
0.0182830294249	-0.00509040156686	-0.61357134174
0.0182826993561	-0.00509023388086	-0.614430188298
0.0182822832578	-0.00508987598421	-0.615282696419
0.0182816087186	-0.00508946427616	-0.616144473905
0.0182818614053	-0.00508957837204	-0.617002665884
0.0181820864011	-0.00501873437846	-0.617852443609
0.0181814553449	-0.00501835105971	-0.618713859784
0.0181808014934	-0.00501782117103	-0.619564328649
0.0181802984176	-0.00501752750386	-0.620424659103
0.0181798514678	-0.00501714355741	-0.621276885615
0.0181786269786	-0.00501633272046	-0.622143379585
0.0181774881459	-0.00501545179793	-0.622989689696
0.0181769937433	-0.0050151619106	-0.623849954635
0.0181772232276	-0.00501526190318	-0.624707955736
0.0180778389788	-0.00494353714382	-0.625559087221
0.0180773557964	-0.00494325354584	-0.626419262462
0.0180770312926	-0.00494295378472	-0.627272518463
0.0180761406838	-0.00494237391087	-0.628136191406
0.0180752042207	-0.00494162917534	-0.628984192377
0.0180746984295	-0.0049413267815	-0.629844570085
0.0180742870522	-0.00494096189837	-0.630697070947
0.0180245221232	-0.00490462439762	-0.631981286269
0.0180245221232	-0.00490462439762	-0.63284573952
0.0179748233768	-0.00486813850707	-0.633273890602
0.017974083316	-0.00486766115882	-0.634136297102
0.0179734205783	-0.00486710865807	-0.634986618296
0.0179729121942	-0.00486679998219	-0.635847034093
0.0179727413448	-0.00486660839248	-0.636701591397
0.0178738868552	-0.00479344698029	-0.637555639636
0.0178732140656	-0.0047930147366	-0.638417482669
0.0178726573716	-0.00479253626867	-0.639268700104
0.0178719661146	-0.00479208860586	-0.640130709301
0.0178712884627	-0.00479151857176	-0.640980872627
0.0178707774978	-0.00479120354431	-0.641841326883
0.0178703433603	-0.00479081346554	-0.642693592288
0.0178698505871	-0.0047905107679	-0.643553893462
0.0178694257325	-0.00479012640183	-0.644406233623
0.0178689389608	-0.00478982697658	-0.645266487189
0.0178687025496	-0.00478958311464	-0.646120459061
0.0178684001789	-0.00478942140121	-0.646979113756
0.0178679668442	-0.00478902818607	-0.64783136866
0.0178671998196	-0.00478851441423	-0.648694071089
0.0178669732162	-0.00478827653835	-0.649548121111
0.0178669044738	-0.00478829064856	-0.650404744016
0.0178667192514	-0.00478808353234	-0.651259151456
0.0178664963171	-0.00478798012357	-0.652117120057
0.0178660435346	-0.00478756830527	-0.652969187397
0.0178655264365	-0.00478723957367	-0.653829728587
0.0178653461002	-0.00478703502106	-0.654684172546
0.0178651104261	-0.00478692080602	-0.655542255753
0.0178646912373	-0.00478653216378	-0.656394604911
0.0178641895773	-0.00478621267598	-0.657255020708
0.0178637485968	-0.00478580600051	-0.658107172933
0.0178632615113	-0.00478549648811	-0.658967465651
0.0178628468007	-0.00478510884551	-0.65981984242
0.017861731627	-0.00478431123745	-0.660685658418
0.0178607425831	-0.00478347638529	-0.66153297963
0.0178121324435	-0.00474563027113	-0.662817099818
0.0178121324435	-0.00474563027113	-0.663686201374
0.0177635823936	-0.00470762924135	-0.664114352456
0.0177630928955	-0.00470731346094	-0.664974682911
0.0177629148084	-0.00470710687851	-0.665829126502
0.0177626653542	-0.00470697821901	-0.66668734272
0.0177622366894	-0.0047065740536	-0.667539569681
0.0177615769236	-0.00470612164765	-0.668401414808
0.0177620029472	-0.00470639051643	-0.669261195812
0.0176661188339	-0.00463047439825	-0.670110493784
0.017665377382	-0.00462995470112	-0.670973072766
0.0176645088206	-0.00462919842505	-0.671821385294
0.0176640304	-0.00462888573757	-0.672681639212
0.0176636317139	-0.00462850093636	-0.67353411068
0.0176631860762	-0.00462821314092	-0.674394078195
0.017662786788	-0.00462782664983	-0.67524653845
0.0176623125256	-0.00462751479346	-0.676106764935
0.0176619001607	-0.00462711660658	-0.676959102913
0.0175658227058	-0.00454983678553	-0.677815357443
0.0175653170461	-0.00454949781194	-0.678675870898
0.0176612395381	-0.00462692458272	-0.679531927752
0.0176608326826	-0.00462652833	-0.680384302705
0.0176603556341	-0.00462621048768	-0.681244568437
0.0176602072072	-0.00462602231896	-0.68209924685
0.0175647262352	-0.004548410602	-0.682953729554
0.0175642664682	-0.00454810491708	-0.683813847953
0.0175638374449	-0.00454768749058	-0.684666009154
0.0175633682765	-0.00454737292266	-0.685526216503
0.0175629470409	-0.00454696054105	-0.686378441128
0.0175624410333	-0.00454661457395	-0.687238983921
0.017562012229	-0.00454619468553	-0.688091134226
0.0175615259519	-0.00454586357191	-0.688951505036
0.0175611029827	-0.004545447159	-0.689803701344
0.0174660038337	-0.00446692132238	-0.690660155991
0.0174655089687	-0.00446658116567	-0.691520611817
0.0174656347829	-0.00446661672092	-0.69237774428
0.0174654339982	-0.00446651891051	-0.693235553156
0.0174647513613	-0.00446588366386	-0.694085389794
0.0173699734972	-0.00438693819531	-0.694941987321
0.0173695077494	-0.00438661895899	-0.695802193193
0.0173690867696	-0.00438619892969	-0.696654381604
0.0173686034257	-0.00438586373103	-0.69751475169
0.0173681841178	-0.00438544377838	-0.698366948722
0.0173676918074	-0.00438509974955	-0.699227405288
0.0173672711485	-0.0043846773394	-0.700079583537
0.0172729860291	-0.00430518020937	-0.700936019103
0.0172725178075	-0.00430485448096	-0.701796264902
0.0172721292959	-0.00430445722645	-0.702648725495
0.0172716637944	-0.00430413252544	-0.703508951632
0.0172715061669	-0.00430392971909	-0.70436350782
0.017177795394	-0.0042242275132	-0.70521781995
0.0171773402899	-0.00422390974965	-0.706077958918
0.0171769277459	-0.00422348890771	-0.706930184711
0.0171764468284	-0.00422314786951	-0.707790564323
0.0171760483939	-0.00422273776785	-0.708642912436
0.0170824547759	-0.00414244242449	-0.709499281274
0.0170819915478	-0.00414211457491	-0.710359507061
0.0170815931375	-0.00414170256534	-0.711211845738
0.0170811179217	-0.00414136311882	-0.712072186524
0.0170807171687	-0.00414094779817	-0.712924497241
0.0170802529239	-0.00414061651307	-0.713784742689
0.017079857935	-0.00414020487877	-0.714637099805
0.0169865215172	-0.00405915389884	-0.715495545249
0.0169862354154	-0.00405897537577	-0.716354160103
0.0169858061183	-0.00405853196261	-0.717206191693
0.016892446922	-0.00397703954887	-0.718066769369
0.0168924428542	-0.00397710607634	-0.718922788688
0.0168920409412	-0.00397668450967	-0.719775062372
0.0168915697299	-0.00397634195254	-0.720635393185
0.0168917843275	-0.00397646001193	-0.721493355947
0.0168918724432	-0.00397660775058	-0.722348520861
0.016891440892	-0.00397615744029	-0.723200506929
0.0167990455799	-0.00389452540391	-0.724056694856
0.0167985831101	-0.00389418725594	-0.724916958297
0.0167981816677	-0.00389376146142	-0.725769212844
0.0167055584428	-0.00381150345701	-0.726629467905
0.0167054583168	-0.00381148514374	-0.727486374096
0.0167051780973	-0.00381116518868	-0.728339745203
0.0166133533433	-0.00372919312938	-0.729194538523
0.016612778002	-0.00372875029318	-0.730055868908
0.0166122757178	-0.00372823030233	-0.730907163567
0.016611808349	-0.00372788252096	-0.73176749438
0.0166114280256	-0.00372747031119	-0.732619918672
0.0165197975776	-0.00364496426195	-0.733476182751
0.0165193260855	-0.00364461076247	-0.734336560459
0.0165190982324	-0.00364433414601	-0.735190400738
0.0164278280324	-0.00356172666597	-0.736045279843
0.0164273881021	-0.00356139969909	-0.736905370449
0.0164273944064	-0.00356133415215	-0.737761398992
0.0162910351768	-0.00343717117018	-0.739042085181
0.0162445526188	-0.00339491782833	-0.740334615672
0.0162441677763	-0.00339449501328	-0.741186964133
0.0162435218337	-0.00339397585157	-0.742049009265
