0.0	0.0	-0.00085630216426
-6.16537500031e-05	2.67973130629e-08	-0.000434642035142
-0.000142846601524	2.73243318172e-08	0.000129197227923
-0.000257610320376	-3.66390397423e-08	0.000926167684433
-0.000381047804169	-2.03812842746e-07	0.00178337329786
-0.000504636061756	-4.7713173306e-07	0.00264162726448
-0.000627584592797	-8.54557656971e-07	0.00349544060859
-0.000750908565114	-1.33843305304e-06	0.00435186375366
-0.000874102121896	-1.92730456709e-06	0.0052073844166
-0.000997458665675	-2.62249210812e-06	0.00606404076366
-0.00112083598295	-3.423492575e-06	0.0069208458243
-0.00124404505279	-4.32897194911e-06	0.00777648754868
-0.00136736584247	-5.34079716827e-06	0.00863291082537
-0.00149056099145	-6.45710659073e-06	0.00948846789312
-0.00161398602583	-7.68110575142e-06	0.0103456284121
-0.00173764032665	-9.01338147004e-06	0.0112043887532
-0.00186061687926	-1.04439756451e-05	0.0120584504521
-0.00198380622069	-1.19822718135e-05	0.0129139987637
-0.00210660809485	-1.35680111058e-05	0.0129105584887
-0.00223033703786	-1.51653247546e-05	0.0129075602844
-0.0023537249583	-1.68108879986e-05	0.0137644971199
-0.00247709115976	-1.85618986669e-05	0.0146212932222
-0.00259966707847	-2.03539371852e-05	0.0146163036806
-0.00272352421829	-2.21641586693e-05	0.0146123949582
-0.00284697097144	-2.40210052632e-05	0.0154697611302
-0.00296966586197	-2.59189612962e-05	0.0154656087527
-0.00309393055136	-2.78405273759e-05	0.0154588585171
-0.00321684802284	-2.97934827346e-05	0.0163125598804
-0.0033395880795	-3.17956288761e-05	0.0163087326131
-0.00346335675442	-3.38141135566e-05	0.0163054157976
-0.00358673559279	-3.5878874323e-05	0.0171623333358
-0.00370943512513	-3.79846387658e-05	0.0171582367308
-0.00383329158988	-4.01097630097e-05	0.017154297959
-0.00395659210093	-4.2277911389e-05	0.0180106839557
-0.00407936741684	-4.44891985624e-05	0.0180071264294
-0.00420315385657	-4.67182639105e-05	0.0180036611779
-0.00432727866685	-4.90063682301e-05	0.0188657855485
-0.00445017653983	-5.13250422053e-05	0.0188630927166
-0.00457548346799	-5.36881330484e-05	0.0188490531568
-0.00469747591635	-5.59872936828e-05	0.0188400712167
-0.00482135943536	-5.83212881131e-05	0.0188359184951
-0.00494398772226	-6.06310961893e-05	0.0188313527098
-0.0050680534859	-6.29145612448e-05	0.0179696389093
-0.00519074183399	-6.50669181767e-05	0.0171175053156
-0.00531469478696	-6.71358050061e-05	0.0162566009473
-0.00543775140183	-6.90837631483e-05	0.0154019339819
-0.00556056324873	-7.09228585337e-05	0.0145489782358
-0.00568397427028	-7.2665640075e-05	0.013691871723
-0.00580873035915	-7.43204670297e-05	0.0128254337
-0.00593037169772	-7.5828566344e-05	0.0119806371881
-0.00605359316605	-7.72521439756e-05	0.0111248753643
-0.00617703225274	-7.85725882136e-05	0.0102676103621
-0.0063002059928	-7.97845903269e-05	0.00941219568088
-0.00642393097565	-8.08961709974e-05	0.00855295965623
-0.00654743108735	-8.18996078437e-05	0.00769529160451
-0.00667017591549	-8.27916274611e-05	0.00684287437873
-0.00679351517349	-8.35828255251e-05	0.00598633405251
-0.00691678122024	-8.42679678224e-05	0.00513030653774
-0.00704004250636	-8.48475658231e-05	0.00427431584269
-0.00716199861807	-8.53166314352e-05	0.00342739206006
-0.00728536225045	-8.56866298061e-05	0.00257069623675
-0.00740878273715	-8.59510641765e-05	0.00171360747761
-0.0075324239372	-8.61099996354e-05	0.00085498724436
-0.00765539406711	-8.61624877369e-05	1.0278532074e-06
-0.00777887654825	-8.61097454976e-05	-0.000856489533983
-0.00790209267169	-8.59514569738e-05	-0.00171215784225
-0.00802514716686	-8.56880819374e-05	-0.00256670498288
-0.00814839202343	-8.53189802277e-05	-0.003422575959
-0.00827185669491	-8.48435491287e-05	-0.00427997594654
-0.00839532724755	-8.42622297873e-05	-0.0051374199219
-0.00851847020136	-8.35768618577e-05	-0.00599259264621
-0.00864174012099	-8.27853664176e-05	-0.006848651479
-0.00876504435667	-8.18880900021e-05	-0.00770495364326
-0.00888890736622	-8.08806769612e-05	-0.00856514196077
-0.00901172882479	-7.97760778124e-05	-0.0094181033272
-0.00913509229901	-7.85613704053e-05	-0.0102748357283
-0.00925852189503	-7.72402546204e-05	-0.0111320348766
-0.00938176476812	-7.58154806208e-05	-0.0119879454308
-0.00950576825307	-7.42757622623e-05	-0.0128491472031
-0.00962842849982	-7.26470698717e-05	-0.0137010296361
-0.00975194384777	-7.09017830581e-05	-0.0145588608115
-0.00987493519856	-6.90583722024e-05	-0.0154130634218
-0.00999883480252	-6.70954878051e-05	-0.0162735853869
-0.0101219467437	-6.50391133959e-05	-0.0171286487576
-0.0102448547945	-6.28810196071e-05	-0.0179823085291
-0.0103681360256	-6.06110990169e-05	-0.0188385733768
-0.0104915952644	-5.82321495123e-05	-0.0196960884337
-0.0106153623989	-5.57938986992e-05	-0.0196994470286
-0.010738004058	-5.33773383165e-05	-0.0197039056857
-0.0108618049709	-5.08846345372e-05	-0.0205638085802
-0.0109866608008	-4.82632809378e-05	-0.02143105411
-0.011110353085	-4.55590351838e-05	-0.0222902336458
-0.0112340505539	-4.27483449238e-05	-0.0231494656515
-0.0113561784967	-3.9868325404e-05	-0.0239978122307
-0.0114797572673	-3.68491944313e-05	-0.0248562542889
-0.0116026642911	-3.3740901012e-05	-0.0257100482665
-0.0117262915483	-3.05087710161e-05	-0.026568864322
-0.0118497346431	-2.71753660059e-05	-0.0274264206061
-0.0119717175053	-2.37767066002e-05	-0.028273852622
-0.0120940314199	-2.02650878192e-05	-0.0291236048749
-0.0122173132806	-1.66208314477e-05	-0.0299801029509
-0.0123422924774	-1.28192604868e-05	-0.0308484155386
-0.0124660883278	-8.99890837554e-06	-0.030852216045
-0.0125891094056	-5.20213318777e-06	-0.0308537983933
-0.012711991612	-1.35688386605e-06	-0.0317075648232
-0.0128352406738	2.60517694285e-06	-0.0325639032983
-0.0129583778684	6.66920059954e-06	-0.0334194883828
-0.013082063565	1.08572689599e-05	-0.0342789091672
-0.0132036574376	1.5079130146e-05	-0.0351238199654
-0.0133273073839	1.9476982494e-05	-0.0359830431752
-0.0134504814634	2.39638808781e-05	-0.0368389861368
-0.0135729366422	2.85295486827e-05	-0.0376899602643
-0.013696172032	3.32293254585e-05	-0.0385463837733
-0.0138193456095	3.803239057e-05	-0.0394024059905
-0.0139425499366	4.29422842954e-05	-0.040258670804
-0.0140655068169	4.79477713465e-05	-0.0411132453477
-0.0141896611932	5.30554465042e-05	-0.0411198556561
-0.014312185578	5.80967641916e-05	-0.0411245741085
-0.0144354470898	6.32215658018e-05	-0.0419812964224
-0.0145589711551	6.84632960672e-05	-0.0428398744976
-0.0146818602488	7.37837851314e-05	-0.043694070514
-0.014804991406	7.92201335652e-05	-0.0445499810682
-0.0149281298962	8.4762410759e-05	-0.0454059752571
-0.0150513240204	9.04128631284e-05	-0.046262389493
-0.015174604583	9.617308562e-05	-0.0471194386061
-0.0152977955155	0.000102034935635	-0.0479758992206
-0.0154209076686	0.000107998720833	-0.048831847333
-0.0155440427938	0.00011406926786	-0.0496879909746
-0.0156672692628	0.000120250078584	-0.0505448061963
-0.015791330447	0.000126526463711	-0.0505511418596
-0.0159135812178	0.000132712035223	-0.0505573943179
-0.0160366065464	0.000138989989545	-0.0514128486029
-0.0161597416773	0.000145379162464	-0.0522691040879
-0.0162829290251	0.00015187681334	-0.0531257610529
-0.0164060718166	0.000158477903475	-0.0539821471793
-0.0165288307052	0.000165163850389	-0.0548359029905
-0.0166519553522	0.00017197515312	-0.0556922426872
-0.0167756139529	0.000178869339785	-0.0556960143648
-0.016898125844	0.000185700087703	-0.0557002181246
-0.0170214538754	0.000192629567375	-0.0565580137081
-0.017144831688	0.000199668016324	-0.0574161972175
-0.0172675297083	0.000206773329832	-0.0582696943696
-0.0173906005733	0.000214005632503	-0.0591258276861
-0.0175137016127	0.00022134546858	-0.0599822143075
-0.0176367005693	0.000228784932585	-0.0608379347703
-0.0177599104071	0.000236342975908	-0.0616951670442
-0.0178834818404	0.000243976637898	-0.0616986356764
-0.0180060160809	0.000251546672673	-0.0617023833119
-0.0181290357738	0.000259199802015	-0.0625583383621
-0.0182520636733	0.00026695916145	-0.0634143964105
-0.0183753751241	0.000274842391858	-0.0642724741218
-0.0184987176987	0.000282833887919	-0.0651308158135
-0.0186210097215	0.000290862732488	-0.0659818943521
-0.0187443677558	0.000299067009795	-0.0668404399711
-0.0188673909852	0.000307355114275	-0.0676967046267
-0.018991008865	0.000315736699711	-0.0677008309322
-0.0191138724247	0.000324067465783	-0.0677019548346
-0.0192364162103	0.000332429328664	-0.068554932295
-0.019359425044	0.0003409283429	-0.0694111969161
-0.019482143396	0.000349512874245	-0.0702654903475
-0.0196054219623	0.000358242432105	-0.0711237352665
-0.0197286000361	0.000367071127467	-0.0719813330091
-0.0198519003286	0.000376014874591	-0.0728398347559
-0.019974406263	0.00038500673344	-0.073692859066
-0.020097566553	0.000394152252947	-0.074550493748
-0.0202209144085	0.000403365135042	-0.0745531598697
-0.0203433199978	0.000412508044476	-0.0745570552794
-0.020466270217	0.000421744810633	-0.0754132823854
-0.0205892232597	0.000431087665639	-0.0762695845496
-0.020712099544	0.000440530521678	-0.0771254081336
-0.0208363487258	0.000450185853223	-0.0779908510768
-0.0209587464576	0.0004598038848	-0.0788434556228
-0.0210813870383	0.000469546216128	-0.0796978093684
-0.0212051112162	0.000479428040654	-0.0797034390109
-0.0213269470308	0.000489159854825	-0.0797109643135
-0.0214498023324	0.000499026501185	-0.0805668731803
-0.0215727069386	0.000509002988183	-0.0814231847174
-0.021695616408	0.000519085819621	-0.0822795899806
-0.0218184418895	0.000529267664874	-0.0831354704781
-0.0219413245034	0.00053956014934	-0.0839918101608
-0.022064152503	0.0005499539874	-0.0848478309614
-0.0221877341227	0.000560465164529	-0.084852833143
-0.0223100961802	0.000570873138809	-0.0848563304121
-0.0224330333494	0.000581383265504	-0.0857131750488
-0.0225559801313	0.000592000338062	-0.086570149775
-0.0226784667342	0.000602683430392	-0.08742398042
-0.0228016108768	0.000613529824309	-0.0882824588923
-0.0229242353797	0.000624436544189	-0.0891373797434
-0.0230469129897	0.000635453705047	-0.0899927362037
-0.0231700007188	0.000646613838171	-0.0908510184201
-0.0232931921681	0.000657836971003	-0.0908537553139
-0.0234153149207	0.000668963203126	-0.0908584703684
-0.0235383014521	0.000680221518223	-0.0917161145814
-0.0236608671838	0.000691547319878	-0.0925708917779
-0.0237836687597	0.000703000787623	-0.0934273817236
-0.0239067161112	0.000714583492496	-0.0942856547286
-0.0240292138187	0.000726220534891	-0.0951401632378
-0.0241519680583	0.000737987797133	-0.0959965310708
-0.0242746637752	0.000749855496306	-0.0968525612204
-0.024397868243	0.000761825821469	-0.0968558744004
-0.0245201386086	0.000773705794649	-0.0968590783154
-0.0246428455447	0.000785681418667	-0.0977152584886
-0.0247655879132	0.000797766600157	-0.0985717577715
-0.0248882405511	0.000809949026079	-0.099427703409
-0.0250112217246	0.000822270396408	-0.100286015055
-0.0251337758306	0.000834655233899	-0.101141419981
-0.0252567000801	0.000847183709676	-0.101999482927
-0.0253795577738	0.000859758853723	-0.10200081676
-0.0255018673859	0.00087227813567	-0.102003308768
-0.0256252198884	0.000884957689118	-0.102864437067
-0.0257483139477	0.000897717806152	-0.103723837553
-0.025871019009	0.000910544194545	-0.104580598831
-0.0259937523723	0.000923479853062	-0.10543763479
-0.0261171129735	0.000936588528788	-0.106299128829
-0.0262393540107	0.000949631648709	-0.106296541376
-0.0263618886571	0.000962705970171	-0.106297078396
-0.0264840078529	0.000975788879771	-0.107149981234
-0.026607094402	0.000989081619652	-0.108009719116
-0.0267298511525	0.00100244552236	-0.108867233347
-0.0268530186681	0.00101596102262	-0.109727697612
-0.0269743627817	0.00102938211563	-0.110575503715
-0.0270982510456	0.00104313780771	-0.110584823723
-0.0272195165543	0.00105660342407	-0.110593828349
-0.0273424117256	0.0010703038254	-0.111452553958
-0.0274650410343	0.00108408121213	-0.112309504214
-0.0275875553257	0.00109795200083	-0.113165733464
-0.027709537312	0.00111186831677	-0.114018325496
-0.0278319105505	0.00112593497144	-0.114873735698
-0.0279552239176	0.00114016343343	-0.114879458017
-0.0280771189706	0.00115422885975	-0.11488364996
-0.0281995366474	0.00116840796394	-0.115739456239
-0.0283222931599	0.00118273278975	-0.116597716663
-0.0284448240234	0.00119713789004	-0.117454485572
-0.0285669620047	0.00121160290293	-0.118308593684
-0.0286899426305	0.0012262742345	-0.119168681706
-0.0288120411573	0.00124094685453	-0.120022688544
-0.0289348346868	0.00125575620552	-0.12002529844
-0.0290579148511	0.00127060000259	-0.120020683703
-0.0291790995713	0.00128526756157	-0.120868386105
-0.0293017309564	0.00130021570588	-0.121726296444
-0.0294238618421	0.00131520918716	-0.122580795038
-0.0295465805557	0.00133038128813	-0.123439496812
-0.0296691849845	0.00134559295909	-0.123441142492
-0.0297909906365	0.00136070587187	-0.123445086109
-0.0299134820232	0.00137595736564	-0.124302289121
-0.0300362968591	0.0013913560531	-0.12516184771
-0.0301580505041	0.00140672799812	-0.126014071378
-0.030280401192	0.00142228126616	-0.126870566561
-0.0304026951971	0.00143793377712	-0.127726758479
-0.0305264340641	0.00145382567797	-0.127736811864
-0.0306473326475	0.00146935403455	-0.127746643581
-0.030769633888	0.00148511638433	-0.128602982505
-0.0308918730333	0.00150097715988	-0.129458981433
-0.0310141694282	0.00151695182353	-0.130315476702
-0.0311364022178	0.00153302466894	-0.131171622614
-0.0312587157	0.00154921466576	-0.132028430486
-0.03138148883	0.00156551929115	-0.132032205048
-0.031503678937	0.00158174674436	-0.132032514571
-0.0316255733565	0.00159798806072	-0.132886484529
-0.0317476010763	0.00161435320824	-0.133741485963
-0.03186984365	0.00163085357945	-0.134598091331
-0.0319919855474	0.00164744690734	-0.135454090506
-0.0321141446266	0.00166414907982	-0.136310309978
-0.0322369363098	0.00168099156785	-0.136314711875
-0.0323585172575	0.00169766851583	-0.136318796088
-0.0324811505317	0.0017145435593	-0.137178441174
-0.0326026724078	0.00173137212441	-0.13803039658
-0.0327252882815	0.00174845866739	-0.138890123438
-0.032908636917	0.00177414246247	-0.13931950749
-0.0330308275894	0.00179127701058	-0.13931950749
-0.0330918802936	0.00179986496185	-0.139747658572
-0.0332144889005	0.00181716518346	-0.140607541516
-0.0333360333415	0.00183442185778	-0.141460064966
-0.0334579707382	0.00185184038614	-0.142315448489
-0.0335827810709	0.00186977826057	-0.143191092804
-0.0337031670674	0.00188713452755	-0.143179448307
-0.0338243532829	0.00190460582886	-0.143185478604
-0.033946907057	0.00192232822982	-0.144045399205
-0.0340683848736	0.00194000169649	-0.144897876478
-0.034190426599	0.00195786345778	-0.145754417555
-0.0343123365165	0.00197581259896	-0.146610141137
-0.0344343239264	0.0019938798134	-0.147466516871
-0.034556896838	0.00201208765259	-0.147470755627
-0.0346782693771	0.00203011770529	-0.147474943725
-0.0348010857762	0.0020484162547	-0.148337249898
-0.0349222681789	0.00206657818295	-0.14918819326
-0.0350441497529	0.00208495095534	-0.15004415568
-0.0351660783181	0.00210343756292	-0.150900558929
-0.0352879295334	0.00212201920942	-0.151756530347
-0.0354104611449	0.00214075853769	-0.151761035652
-0.0355317633649	0.00215931038814	-0.151765166487
-0.0356536036996	0.00217799818345	-0.152621174655
-0.0357755064692	0.00219680237365	-0.153477734243
-0.0358976101033	0.00221574464024	-0.154335818915
-0.0360191704336	0.00223470945626	-0.15519019956
-0.0361431849084	0.00225411225613	-0.155205585867
-0.0362629285937	0.0022728487391	-0.15522021661
-0.0363846905701	0.00229195533652	-0.156076132945
-0.036506540727	0.00231118264698	-0.156932784507
-0.0366282802516	0.00233049939978	-0.157788774307
-0.036750069841	0.0023499309864	-0.158645232768
-0.0368726847921	0.00236954849321	-0.158651252579
-0.0369936266259	0.00238889904804	-0.158656998601
-0.0371153326672	0.00240842567763	-0.159512988427
-0.0372376152551	0.00242815219073	-0.160373151701
-0.0373587026078	0.00244779276987	-0.161225025941
-0.0374805490344	0.00246766301554	-0.162082359196
-0.0376019708446	0.00248757089874	-0.162936824551
-0.0377230554326	0.00250747624428	-0.162932673923
-0.0378441871877	0.0025273893254	-0.162936492626
-0.0379659196912	0.00254745493457	-0.163793264676
-0.0380880202962	0.00256768868916	-0.164652749178
-0.0382094476086	0.00258791811605	-0.165507616344
-0.0383307931618	0.00260824055073	-0.166362029909
-0.0384529796738	0.00262875762978	-0.166366124353
-0.038574048324	0.00264908749402	-0.166369900953
-0.0386955871883	0.00266955005978	-0.167225799573
-0.038817183128	0.00269012927421	-0.168082223854
-0.0389387840571	0.00271081647353	-0.168938807746
-0.0390611970729	0.00273174973559	-0.169801238152
-0.0391826668813	0.0027525759744	-0.169800784789
-0.039304266773	0.00277342445892	-0.169800321682
-0.0394254164659	0.00279424912634	-0.17065397774
-0.0395467969961	0.00281522016732	-0.171509386178
-0.0396679197088	0.00283625338282	-0.172363104173
-0.0397899765843	0.00285750258567	-0.172367168215
-0.0399111508347	0.00287859851987	-0.172369325241
-0.0400323171096	0.00289974665374	-0.173223478147
-0.0401545187396	0.00292118307122	-0.174085058474
-0.0402765322305	0.00294269486132	-0.174945442685
-0.0403966700993	0.00296398256068	-0.175792729692
-0.040518268925	0.00298563541266	-0.176650449357
-0.040640420105	0.00300744109844	-0.176655829315
-0.0407608837086	0.00302894627338	-0.176662352994
-0.0408826271683	0.00305073412491	-0.177521226185
-0.0410035869465	0.00307248895772	-0.178374702178
-0.0411251534484	0.00309446003754	-0.17923259113
-0.0412467916781	0.00311655185835	-0.180091119691
-0.0413680891638	0.00313863571647	-0.180091008016
-0.0414897058117	0.00316077754122	-0.180088867028
-0.0416103273953	0.00318279142863	-0.180940352782
-0.0417315738996	0.00320502606134	-0.181796383283
-0.041854544253	0.00322768564341	-0.182664721221
-0.041977035182	0.00325036687532	-0.183529812517
-0.0420978000566	0.00327278287124	-0.18352648015
-0.0422194804387	0.0032953683954	-0.183523346744
-0.0423397407662	0.00331774341034	-0.184372819801
-0.0424605243919	0.00334032195841	-0.185226124408
-0.0425815381653	0.00336305041595	-0.186081191653
-0.0427028266339	0.00338593785143	-0.186938337826
-0.0428249483338	0.0034090372061	-0.186945140706
-0.0429451279564	0.00343177007735	-0.186952062504
-0.0430668097229	0.0034548414897	-0.187812129782
-0.0431887097413	0.00347806291261	-0.188673880547
-0.0433084519573	0.00350098023365	-0.189520516404
-0.0434297050995	0.00352429316387	-0.190377974493
-0.0435505678006	0.00354763850876	-0.191232812768
-0.043672586582	0.00357126159424	-0.191239597305
-0.0437926865081	0.00359451403763	-0.191246384459
-0.043914279752	0.00361811004195	-0.192106534327
-0.0440359134157	0.00364182247127	-0.192967114088
-0.0441561580812	0.00366537154694	-0.193818009508
-0.0442768500094	0.00368911486877	-0.194672212579
-0.0444001216537	0.003713421267	-0.194688446057
-0.0445189359693	0.003736850763	-0.194703759573
-0.0446410335376	0.00376098296473	-0.195568062078
-0.0447612762793	0.00378485657019	-0.196419380406
-0.044881738443	0.0038088803531	-0.197272396732
-0.0450025857344	0.00383308814497	-0.198128286137
-0.045124272881	0.00385751867056	-0.198133895905
-0.0452446484445	0.00388168646105	-0.1981375753
-0.045365299444	0.0039059635244	-0.198992222924
-0.0454872123246	0.00393060292986	-0.199855958107
-0.0456071638817	0.003954953796	-0.20070594629
-0.0457286781681	0.00397967558571	-0.200710780121
-0.0458489686186	0.00400414893493	-0.200714618499
-0.0459695581077	0.00402873713648	-0.201569276422
-0.0460904076521	0.00405348596122	-0.202425927042
-0.0462112682195	0.00407834493977	-0.20328280644
-0.0463318028049	0.00410324454142	-0.204137525638
-0.0464532078064	0.00412837824645	-0.204142191134
-0.0465735307923	0.00415328843233	-0.204145198285
-0.0466941096702	0.00417830562682	-0.205000384233
-0.0468148852439	0.00420347138171	-0.205857117539
-0.0469358535637	0.00422878545526	-0.206715371635
-0.0470556470171	0.00425396100869	-0.207565443194
-0.0471759347691	0.00427929327422	-0.207562795658
-0.0472960180517	0.00430458257179	-0.207566894135
-0.0474174682502	0.00433021430798	-0.208428876766
-0.0475372736777	0.00435560680929	-0.209279340801
-0.0476585463853	0.00438141808815	-0.210140376152
-0.0477792343874	0.0044071595775	-0.210141036951
-0.0478990675811	0.00443271912749	-0.210146445293
-0.0480203285818	0.00445863784403	-0.211007556769
-0.0481419842558	0.00448475048462	-0.211871630299
-0.0482608544337	0.00451037270035	-0.21271607645
-0.0483818775978	0.00453651193634	-0.212719592589
-0.0485018282443	0.0045624200046	-0.212723695529
-0.0486227506531	0.00458859241501	-0.21358287871
-0.0487438794344	0.00461491846011	-0.214443688614
-0.0488633682874	0.0046409958203	-0.215293003465
-0.0489840467477	0.00466744019713	-0.216150933258
-0.049105655416	0.0046941437163	-0.216159256153
-0.0492246992595	0.00472028518659	-0.216169167185
-0.0493453757674	0.00474683996638	-0.217027248175
-0.0494658900301	0.00477346748308	-0.217884337657
-0.0495859182611	0.00480009552909	-0.218738132513
-0.0497065248023	0.00482695993393	-0.219596203896
-0.0498272148906	0.00485389756963	-0.219598649992
-0.0499476541631	0.00488077933733	-0.219597988359
-0.0500674227736	0.00490756521197	-0.22045026172
-0.0501876025947	0.00493455062232	-0.221305624606
-0.0503078978459	0.00496167005638	-0.222161973837
-0.0504288384906	0.00498898971077	-0.22216669886
-0.0505484693523	0.00501601408362	-0.22217129783
-0.0506687450451	0.00504323854095	-0.223027675281
-0.0507895575755	0.00507069329475	-0.22388804217
-0.0509092261973	0.00509799639152	-0.224740429683
-0.0510293892939	0.00512552008391	-0.225596506088
-0.0511500913703	0.0051532218318	-0.225600204835
-0.0512697268016	0.00518067925977	-0.225604105176
-0.0513906285638	0.00520848206563	-0.226465614799
-0.0515100250812	0.00523604704476	-0.227316567401
-0.051630181585	0.00526389519987	-0.228173105098
-0.051750892695	0.00529192665835	-0.228177380017
-0.0518704221191	0.00531968423969	-0.228181528768
-0.0519905320193	0.00534763108657	-0.229037906247
-0.0521116316131	0.00537591755606	-0.229901512591
-0.0522307031077	0.0054038387649	-0.230750827442
-0.0523515837086	0.0054322382885	-0.230756829912
-0.0524715681465	0.00546042767607	-0.230757219595
-0.0525908297109	0.00548850114069	-0.231608061217
-0.0527110329646	0.005516904236	-0.232465793186
-0.0528313586301	0.00554539098891	-0.232468183887
-0.0529508083428	0.00557367075831	-0.232472043707
-0.0530710054973	0.00560218208132	-0.233329907609
-0.0531907243259	0.00563068844645	-0.234184531852
-0.0533112995802	0.00565950764708	-0.235045445279
-0.0534316442153	0.00568832698161	-0.235048499112
-0.0535511856714	0.00571695433981	-0.235051180025
-0.0536703203534	0.00574553839197	-0.235901984247
-0.0537902544614	0.00577442218752	-0.236758672787
-0.0539102388494	0.00580342686542	-0.23761589765
-0.0540312320516	0.00583273088713	-0.237624118316
-0.0541500695282	0.00586151377912	-0.237631299182
-0.0542702943411	0.00589068764215	-0.238490423311
-0.0543893512437	0.00591968642922	-0.239341379292
-0.0545101016089	0.00594915221722	-0.239348226691
-0.0546291081757	0.00597819327097	-0.239353843035
-0.0547498996682	0.00600772505796	-0.240217378879
-0.0548688713146	0.00603692081887	-0.2410680846
-0.0549891963911	0.00606650288911	-0.241072255511
-0.055108147589	0.0060957478128	-0.241077908498
-0.0552278450017	0.00612523090677	-0.241933984903
-0.0553484025507	0.00615503535513	-0.242796395176
-0.0554672169549	0.00618451761276	-0.2436465174
-0.0555880955195	0.00621456677017	-0.24365519811
-0.055706803882	0.00624407742539	-0.243662045279
-0.0558262361057	0.00627382276277	-0.244516771945
-0.0559458366622	0.0063037186144	-0.245372885857
-0.0560665676762	0.00633400688102	-0.246237277004
-0.0561858628357	0.00636399011852	-0.24623517904
-0.0563052888685	0.00639400619022	-0.246236339995
-0.0564244934953	0.00642402095554	-0.247089987984
-0.0565437617259	0.00645416002705	-0.247944275386
-0.0566640581366	0.00648466827338	-0.248806113743
-0.0567843741753	0.00651523740644	-0.248811886003
-0.0569030677746	0.00654539505979	-0.248817737392
-0.0570218356568	0.00657562609358	-0.249668813779
-0.057141339701	0.00660615282932	-0.250525351279
-0.0572612860455	0.00663690201502	-0.251385247398
-0.0573814373819	0.00666775937045	-0.251390406857
-0.0574996512548	0.0066981200278	-0.251399137108
-0.0576192781516	0.00672889874337	-0.25225693558
-0.0577384503092	0.00675966947632	-0.253111662246
-0.0578577829394	0.00679059046481	-0.253967729095
-0.0579779895824	0.00682179321254	-0.25397386007
-0.0580971772173	0.00685273191818	-0.253975039242
-0.0582158684216	0.00688359608307	-0.254826695484
-0.0583351871907	0.00691473195236	-0.255683044711
-0.0584546641117	0.0069460183962	-0.256540720965
-0.0585746704946	0.00697749890852	-0.256545993345
-0.0586932607885	0.00700860859529	-0.256550886501
-0.0588122880512	0.00703988769597	-0.257405529382
-0.05893215249	0.00707149633801	-0.258266377035
-0.0590517328372	0.00710314018806	-0.259125379704
-0.0591704793343	0.00713461792865	-0.259122187171
-0.0592901335992	0.00716633588756	-0.259118858775
-0.0594083827415	0.00719773535721	-0.259968490737
-0.0595277568995	0.00722954215964	-0.260826399913
-0.0596468645395	0.00726138741232	-0.261682589726
-0.0597662958954	0.00729337414492	-0.261684902892
-0.0598860313316	0.00732544217955	-0.261680403882
-0.0600040030127	0.00735709169109	-0.262528621985
-0.0601230013488	0.00738912486027	-0.263384416806
-0.0602428241199	0.00742143527268	-0.263389938362
-0.0603613199825	0.0074533884919	-0.263393959476
-0.060480110861	0.00748547608429	-0.264248461701
-0.0605992722969	0.00751777304943	-0.265105827677
-0.0607183247286	0.00755015006577	-0.265962608778
-0.0608376459811	0.00758265528389	-0.265965122734
-0.060956291362	0.00761497669351	-0.265967472804
-0.0610750799697	0.00764739191083	-0.266822555939
-0.0611942844042	0.00768003014501	-0.267680832927
-0.0613137399658	0.00771279262559	-0.267684717636
-0.0614318133717	0.00774517666478	-0.267690784516
-0.0615513672098	0.00777802217403	-0.268551782228
-0.0616698506539	0.00781068334947	-0.269405273426
-0.0617884505419	0.00784348556534	-0.270259804783
-0.0619085093143	0.00787674695657	-0.270268648548
-0.0620263044009	0.00790938225471	-0.270276115013
-0.0621449352404	0.0079423042693	-0.271131075628
-0.0622647383777	0.00797566195745	-0.271994690099
-0.062383086677	0.00800866990607	-0.27199161813
-0.0625015960903	0.00804172271703	-0.271993528687
-0.0626207535684	0.00807501139113	-0.272852695489
-0.0627388031033	0.00810809990868	-0.273704078301
-0.0628582822395	0.00814164403261	-0.273709572241
-0.0629762204419	0.00817475624637	-0.273715191631
-0.063096231927	0.00820850635445	-0.274580933807
-0.0632152108868	0.00824207727017	-0.275439436859
-0.0633329006007	0.00827533865275	-0.275432437364
-0.0634516533042	0.00830889996866	-0.275431766762
-0.063569850323	0.00834235885157	-0.276284832755
-0.0636893652355	0.00837630095073	-0.277147619075
-0.0638074253097	0.00840988508522	-0.277143705395
-0.0639254377988	0.00844345570772	-0.277147962592
-0.0640442495163	0.00847730894866	-0.27800588312
-0.0641632765911	0.00851133398493	-0.278865569173
-0.0642824410191	0.00854545420502	-0.278870051847
-0.064400733766	0.00857932524223	-0.278871864993
-0.0645181293815	0.00861299390731	-0.27971997792
-0.0646367353031	0.00864711857564	-0.280577043361
-0.0648146391597	0.00869844188339	-0.281006567777
-0.0649359095801	0.00873344591596	-0.281006567777
-0.0649951377512	0.00875056927301	-0.281434718859
-0.0651143112523	0.00878507861961	-0.28229631206
-0.0652319364009	0.00881924947668	-0.283146923615
-0.0653508854209	0.00885385968181	-0.283150912717
-0.0654689206073	0.00888820441654	-0.283153532034
-0.0655871125385	0.00892264982193	-0.284008455516
-0.0657056397941	0.00895730291878	-0.284866018498
-0.0658245327553	0.00899211861763	-0.284870033763
-0.0659421385281	0.00902655798405	-0.284875331512
-0.0660613275248	0.00906151673229	-0.28573790123
-0.0661789542323	0.00909612747071	-0.286589380411
-0.066297961868	0.00913119962375	-0.28659466171
-0.0664153528216	0.00916579608411	-0.286601083281
-0.0665342484408	0.00920089173219	-0.287461966865
-0.0666520982497	0.00923578900058	-0.288315495295
-0.0668293234366	0.00928840529055	-0.288743018686
-0.0669483759302	0.0093237691651	-0.288743018686
-0.0670074698561	0.00934135022098	-0.289171169768
-0.0671259183749	0.00937664509355	-0.29002947002
-0.0672433838789	0.00941175685148	-0.290880865222
-0.067362146845	0.00944731149567	-0.290885471827
-0.0674805013827	0.00948274405934	-0.290883825522
-0.0675977024477	0.00951788587929	-0.29173352136
-0.0677160013273	0.00955346645343	-0.292591395118
-0.0678344704991	0.00958920910011	-0.293450725835
-0.067952388734	0.00962484095088	-0.293449869272
-0.0680698591577	0.0096603376942	-0.293453974089
-0.0681878410934	0.0096960444009	-0.29430999367
-0.0683064739976	0.00973200382933	-0.294314546263
-0.0684239292696	0.00976760685027	-0.294318538
-0.0685419412799	0.00980343406228	-0.295175000207
-0.0686599044048	0.00983935680458	-0.296031330603
-0.0687927321941	0.00987987533426	-0.296139405839
-0.0688988122469	0.00991224710308	-0.296225503397
-0.0690166248912	0.00994825930331	-0.297081015563
-0.0691344609641	0.00998438892343	-0.297936921998
-0.0692528435912	0.0100207417665	-0.297940609459
-0.0693702474006	0.0100567944936	-0.297944031676
-0.0694880911485	0.0100930377583	-0.298800220732
-0.0696064019859	0.010129480336	-0.298803614866
-0.0697237602906	0.0101656299571	-0.298807141322
-0.0698421320579	0.0102021474776	-0.29966739536
-0.0699594659153	0.010238455377	-0.300520333173
-0.0700777898917	0.0102751249969	-0.300524279917
-0.0701949944455	0.0103114482234	-0.300528470614
-0.0703128478346	0.0103480281145	-0.301385413723
-0.0704309776752	0.0103848048245	-0.302244595827
-0.0705501234042	0.0104219548168	-0.302254982216
-0.0706662461046	0.0104581636386	-0.302266582976
-0.0707836665221	0.0104948330147	-0.303120839982
-0.0709016034534	0.0105317742971	-0.303979084003
-0.0710196186541	0.0105687960104	-0.303981711502
-0.0711370959266	0.0106056492273	-0.303982998586
-0.0712543357947	0.0106424831957	-0.304836400758
-0.0713721973124	0.0106796230128	-0.305694558388
-0.0714900752047	0.0107168238539	-0.305696649675
-0.0716071647175	0.0107537762628	-0.305700298636
-0.0717250753648	0.0107910435692	-0.306559048077
-0.0718422197752	0.0108281793728	-0.307412448918
-0.0719606246256	0.01086577058	-0.307418847109
-0.0720773610677	0.0109028328869	-0.307424603325
-0.0721948494853	0.0109401896869	-0.308280745507
-0.0723125925967	0.0109777384961	-0.309138977594
-0.0724307618047	0.0110154795217	-0.309144132202
-0.0725472963935	0.0110526992511	-0.309150892385
-0.0726650130945	0.0110903525173	-0.310009170457
-0.0727821028823	0.0111279160649	-0.310863112424
-0.0729000411758	0.0111658074699	-0.310867058473
-0.073017192727	0.0112034464812	-0.310868850174
-0.0731342551401	0.011241112271	-0.311722828333
-0.0732516206151	0.0112789862077	-0.312579252985
-0.0733697531925	0.0113171639368	-0.312585093036
-0.0734862844242	0.0113548249049	-0.312590938134
-0.0736036118117	0.0113927990419	-0.31344732509
-0.0737215813717	0.0114310926661	-0.314308638394
-0.0738387257057	0.011469174456	-0.314307744589
-0.0739554723654	0.0115071271568	-0.314311541876
-0.0740731015807	0.0115454227032	-0.315170611589
-0.0741899105916	0.0115835622366	-0.316023930155
-0.0743076518123	0.0116220618079	-0.316027876552
-0.0744246011472	0.0116603028205	-0.316029715071
-0.0745414200928	0.0116985566878	-0.316883345978
-0.0746586105099	0.0117370429937	-0.317739931092
-0.0748346139241	0.0117949834037	-0.318170400835
-0.0749522403036	0.0118337248409	-0.318170400835
-0.0750107913548	0.0118530370136	-0.318598551917
-0.0751302634568	0.0118924997922	-0.319472308118
-0.0753051013709	0.0119503917471	-0.319894986667
-0.0754231853458	0.0119895097636	-0.319894986667
-0.0754817030045	0.0120089228838	-0.320323137749
-0.0755989748066	0.0120478833215	-0.32118129223
-0.0757162998291	0.0120869176204	-0.321183656999
-0.0758327966603	0.0121256767717	-0.321187352653
-0.0759497203772	0.0121646337997	-0.322043206012
-0.0760673632572	0.0122039423349	-0.322904569411
-0.0761841853649	0.0122430328354	-0.322903744789
-0.0763004752856	0.0122819455116	-0.322908466009
-0.0764175284355	0.0123211696193	-0.323765759667
-0.076535295806	0.0123606896948	-0.323772107056
-0.0766513018532	0.0123996195486	-0.32377865956
-0.0767681642203	0.0124388928707	-0.324634805906
-0.0768850617293	0.0124782894192	-0.325491456496
-0.0770030471572	0.0125181094727	-0.325499903532
-0.0771187605788	0.0125571638081	-0.325508106279
-0.077235527373	0.0125966298915	-0.326364051208
-0.0773528623714	0.0126363442162	-0.326367984078
-0.0774693535225	0.0126757733273	-0.326370236931
-0.0775859406807	0.0127152907239	-0.327225114482
-0.0777027207241	0.0127549848338	-0.328081654875
-0.0778201527575	0.0127949570204	-0.328086801405
-0.0779353200206	0.0128341593909	-0.328098266183
-0.0780541657025	0.0128746714153	-0.328970216424
-0.0781696485051	0.0129141495333	-0.32981774603
-0.0782870621107	0.0129543430647	-0.329823268019
-0.0784028511118	0.012993981231	-0.329829668994
-0.0785195424315	0.0130339845278	-0.330686319928
-0.0786369374672	0.0130743414859	-0.331548390444
-0.0787536749472	0.0131145291148	-0.331549458197
-0.0788693684968	0.0131543578632	-0.331556056385
-0.0789864048764	0.0131947053802	-0.332415750535
-0.0791032208512	0.0132350334489	-0.332417651488
-0.0792193601312	0.0132751282281	-0.332420721223
-0.0793355970675	0.0133153126268	-0.333274797947
-0.0794521036736	0.0133557016844	-0.334131109279
-0.0795691242128	0.0133963252947	-0.334135024065
-0.0796853166979	0.0134366618442	-0.334137195392
-0.0798014853745	0.0134770460096	-0.334991278637
-0.079918036061	0.0135176745817	-0.335848425262
-0.0800351132612	0.0135585433455	-0.335853271357
-0.0801511890983	0.01359906304	-0.335855789573
-0.0802671959447	0.0136396145439	-0.336709194145
-0.0803836404474	0.0136804305859	-0.337566074272
-0.0805004643718	0.0137214360992	-0.33756957402
-0.0806172054051	0.0137624125591	-0.337566684239
-0.0807326889983	0.01380300301	-0.338416749134
-0.0808494816386	0.0138441091707	-0.338420275687
-0.0809661469415	0.0138851705768	-0.338417686448
-0.0810819242614	0.0139259749993	-0.339270168738
-0.0811978996105	0.013966960396	-0.340124366092
-0.0813140472944	0.0140081183329	-0.340980091382
-0.0814308827169	0.0140495765154	-0.340984712608
-0.0815467079865	0.0140906767402	-0.340987533748
-0.081662638182	0.0141318702753	-0.341841918327
-0.0817787994763	0.014173257738	-0.342698266353
-0.081895869606	0.0142150259641	-0.342705144945
-0.0820111655041	0.0142561620372	-0.342711346109
-0.0821272050626	0.0142976198568	-0.343567062091
-0.0822438708504	0.0143393579419	-0.343571226021
-0.0823594287884	0.0143807002202	-0.343575231763
-0.0824755330844	0.0144222943074	-0.344431689802
-0.0825915917694	0.0144639842454	-0.345288074458
-0.0827080522372	0.0145058750341	-0.345291254365
-0.082823663852	0.0145474609011	-0.345294338057
-0.0829400340961	0.0145893761308	-0.346153288162
-0.0830555545718	0.0146310974178	-0.347006230172
-0.0831715826012	0.0146731139209	-0.347863183984
-0.0832880675426	0.0147153526633	-0.347867344528
-0.0834033071514	0.014757140437	-0.347872381706
-0.0835191695198	0.0147992105002	-0.348728380797
-0.0836356082999	0.0148415465239	-0.348732470593
-0.0837510856536	0.0148835334486	-0.348735483882
-0.0838669204231	0.0149257066846	-0.349591547675
-0.0839831359548	0.0149681312596	-0.350450693539
-0.0840991716405	0.0150105469741	-0.350452342938
-0.0842144390133	0.0150526822119	-0.350456373449
-0.0843302159208	0.0150950601726	-0.351312547318
-0.0844459180829	0.0151375231426	-0.352168436978
-0.0845622914756	0.0151802892547	-0.352173125702
-0.0846776150942	0.0152226700955	-0.35217620253
-0.0847924393564	0.0152649234355	-0.353025867685
-0.0849100612721	0.0153083197713	-0.353896507172
-0.0850250599492	0.015350805766	-0.353891565447
-0.0851403345025	0.0153933935514	-0.353894465115
-0.0852558785295	0.0154361373141	-0.354749998524
-0.0853720069436	0.0154791539372	-0.354753693354
-0.0854871882669	0.0155218201974	-0.354757011157
-0.0856028251469	0.0155647117379	-0.355613505699
-0.0857182707519	0.0156076448494	-0.356468855562
-0.0858344072595	0.015650891668	-0.356473159649
-0.0859497617356	0.0156938476566	-0.356474649723
-0.0860649642042	0.0157368033105	-0.357328471914
-0.0861804595117	0.0157799805142	-0.358184737395
-0.086296682049	0.0158234866694	-0.358190231097
-0.0864113953235	0.0158664285914	-0.35819592686
-0.0865268840663	0.0159097175605	-0.359052421748
-0.0866423257862	0.0159531017073	-0.359908843165
-0.0867582926561	0.015996740173	-0.359912997478
-0.0868737044405	0.016040170032	-0.359912961148
-0.0869885738296	0.0160834519382	-0.360765412641
-0.0871038793229	0.0161270104483	-0.36162137573
-0.0872196873536	0.0161708156563	-0.36162490674
-0.0873344658615	0.0162142319437	-0.36162901833
-0.0874498300665	0.0162579265173	-0.362485697064
-0.0875652308737	0.0163017480344	-0.363342926062
-0.08768096379	0.0163457527257	-0.363346460565
-0.0877963798259	0.0163896370873	-0.363345279935
-0.0879112403535	0.0164333664482	-0.364198774492
-0.088026690637	0.0164773766851	-0.364200488409
-0.0881414752389	0.016521133487	-0.364203720971
-0.0882558450552	0.016564788473	-0.365053847352
-0.0883736077914	0.0166097967459	-0.365073035754
-0.0884869649955	0.0166531234173	-0.365086594286
-0.0886023229959	0.0166972723177	-0.365944355368
-0.0887172404032	0.0167413656444	-0.366799121269
-0.0888332977118	0.0167859536246	-0.366806206186
-0.0889475832232	0.0168298617702	-0.36681230006
-0.0890626220151	0.0168741162568	-0.367668254208
-0.0891776326986	0.01691847298	-0.3685242814
-0.0892932353786	0.0169631151343	-0.36852855539
-0.0894076757583	0.0170073090161	-0.368532932433
-0.0895227009953	0.0170517856444	-0.36938935387
-0.0896376191305	0.0170963340304	-0.370245261627
-0.0897532082208	0.0171411997118	-0.370250008049
-0.0898679747272	0.0171857465153	-0.370251388215
-0.089982584572	0.017230289074	-0.371105285496
-0.0900974015785	0.0172750250332	-0.371961010527
-0.0902114205174	0.017319505782	-0.371954625962
-0.0903257038652	0.0173640895562	-0.371959039891
-0.0904404603461	0.0174089148178	-0.372814598737
-0.090555371625	0.0174539138971	-0.373671598385
-0.0906700726035	0.0174989440339	-0.374527317122
-0.0907853779764	0.0175442686267	-0.374531387841
-0.0908996184757	0.0175891751621	-0.37453526154
-0.0910147285091	0.0176344806663	-0.375394323599
-0.0911290939149	0.0176796066015	-0.376248117523
-0.0912442676733	0.0177251084021	-0.376251789084
-0.0913585557778	0.0177702607451	-0.376254729361
-0.0914731288226	0.0178155825758	-0.377110364214
-0.0915877158301	0.0178610233544	-0.377966393388
-0.0917028001601	0.0179067185856	-0.377969982194
-0.0918170064724	0.0179520656275	-0.377972952676
-0.0919316902071	0.0179976592856	-0.378829997946
-0.0920460520319	0.0180432385084	-0.379684929155
-0.0921611055737	0.018089150591	-0.379688876246
-0.0922756935541	0.0181348771237	-0.379688409536
-0.0923896035544	0.0181803896233	-0.380540254804
-0.0925040541497	0.0182262312129	-0.38139643448
-0.0926192634556	0.0182724343062	-0.381402136501
-0.0927329533617	0.0183180288203	-0.381407800786
-0.0928475971539	0.0183640632472	-0.382265724163
-0.0929617540405	0.0184100159289	-0.383120298549
-0.0930766810951	0.0184563358705	-0.383124484647
-0.0931907521114	0.0185023112229	-0.383126706819
-0.0933048143564	0.0185483399658	-0.383980869073
-0.0934197093328	0.0185947619589	-0.383985113796
-0.0935337755585	0.0186408495182	-0.383987075221
-0.0936483305709	0.018687191762	-0.384845225857
-0.0937621390586	0.0187333456932	-0.38569808054
-0.0938770940216	0.0187800217796	-0.385703373797
-0.0939905195088	0.0188260776029	-0.385709542076
-0.0941048436476	0.018872555755	-0.386566561648
-0.0942192521619	0.0189191825057	-0.387424512976
-0.0943337060788	0.0189658852754	-0.387426653356
-0.0944472941157	0.019012235156	-0.387431006231
-0.0945617531603	0.0190589979182	-0.388289639304
-0.094675610006	0.0191056287687	-0.389144054927
-0.0947902458615	0.0191526360134	-0.389148165237
-0.0949043389662	0.0191994209721	-0.389148127887
-0.0950178958573	0.0192460428537	-0.390000592601
-0.0951318562246	0.0192929439483	-0.390856386015
-0.0952467231159	0.0193402760109	-0.390862837852
-0.0953605996921	0.0193872005029	-0.390863822855
-0.0954740987601	0.0194340263585	-0.391716455339
-0.0955881461915	0.0194811922822	-0.392573509058
-0.0957023515894	0.0195284810457	-0.392575600345
-0.09581574098	0.0195754323359	-0.392579641267
-0.0959298532138	0.0196227404478	-0.393437488524
-0.0960436619437	0.0196700371858	-0.394293358867
-0.0961581723769	0.0197176833195	-0.394298358019
-0.0962712782127	0.0197647457258	-0.394303921801
-0.0963851808789	0.019812197277	-0.395160807431
-0.0964987879847	0.0198596399828	-0.396015775088
-0.0966132609072	0.0199075020029	-0.396021110951
-0.0967264853565	0.019954842655	-0.396025170667
-0.0968400663495	0.0200023897939	-0.396880250778
-0.0969537526392	0.0200500952992	-0.397736430387
-0.0970679980441	0.0200980932277	-0.397740673895
-0.0971811270056	0.0201456226671	-0.397744838407
-0.0972950148111	0.0201935285796	-0.398602847254
-0.0974083994915	0.020241337397	-0.399457374378
-0.0975223202121	0.0202894869337	-0.400316251163
-0.0976361236252	0.0203376447982	-0.400318097935
-0.0977491682808	0.0203854819642	-0.400321971634
-0.0978626322713	0.0204335541278	-0.401177718052
-0.0979767575424	0.0204820216961	-0.402038764351
-0.0980902121368	0.0205302624085	-0.402038605769
-0.0982031286915	0.0205782746193	-0.402042823731
-0.0983164935154	0.0206265350385	-0.402898447322
-0.0984299331336	0.0206749419922	-0.403754947718
-0.0985441589795	0.0207237427153	-0.403761241005
-0.0986568283902	0.0207718792707	-0.403766699245
-0.0987704927337	0.020820498822	-0.404625214782
-0.0988835408527	0.0208689696386	-0.405479389919
-0.0989967928021	0.020917642413	-0.406335418991
-0.099110577218	0.0209666019793	-0.40633932952
-0.0992232846535	0.0210150986849	-0.406343559487
-0.0993365206377	0.0210638805705	-0.407199786204
-0.0994497921235	0.021112792778	-0.408056597724
-0.0995629443863	0.0211617685738	-0.408912824518
-0.0996766594967	0.0212110460882	-0.408917168503
-0.0997892384032	0.0212598318158	-0.408921422216
-0.0999023096831	0.0213088887096	-0.409777356925
-0.100015377494	0.0213580591366	-0.410633583649
-0.100129274607	0.021407648623	-0.410639950032
-0.100241502631	0.0214565122577	-0.410646223138
-0.100354694507	0.0215058536298	-0.411503713694
-0.100467499812	0.0215551416446	-0.412358595617
-0.100581086372	0.0216048290624	-0.412363257434
-0.100693501001	0.0216540044275	-0.412367476959
-0.10080642491	0.0217034604688	-0.413223581132
-0.100919394731	0.0217530519251	-0.414080354921
-0.101032775392	0.0218028819579	-0.41408410493
-0.10114516158	0.0218522754346	-0.414087897101
-0.101258041239	0.0219019437203	-0.414944312351
-0.101370796389	0.0219516725257	-0.415800105765
-0.101483747384	0.0220016032137	-0.416657709616
-0.101597004475	0.0220517276228	-0.416661499395
-0.101709149821	0.0221013605738	-0.41666615078
-0.101821984173	0.0221513565589	-0.417523197424
-0.101934662801	0.0222013991185	-0.418379386699
-0.102047760707	0.0222516860749	-0.418382623709
-0.102160097063	0.0223016348126	-0.418385173339
-0.102272529831	0.0223516842557	-0.419239821939
-0.102385730526	0.0224021336931	-0.419244169943
-0.102497875271	0.0224521130735	-0.419247848666
-0.102610399293	0.0225023194903	-0.420103519839
-0.102723477788	0.0225528893691	-0.42096373615
-0.102836051935	0.0226032920932	-0.420963979152
-0.10294806246	0.0226534427566	-0.420968023777
-0.103060620039	0.0227038964892	-0.421824608842
-0.1031730972	0.0227544299234	-0.422680911006
-0.103285493927	0.0228050429378	-0.423536930457
-0.103398513822	0.0228559950569	-0.423541560595
-0.103510335356	0.0229064075434	-0.423546057236
-0.10362273031	0.0229571367604	-0.424402397113
-0.103735044674	0.023007945421	-0.425258454167
-0.103847895212	0.0230590550897	-0.425262463072
-0.103959771035	0.0231097238159	-0.425265883421
-0.104072287369	0.0231607409279	-0.426123815327
-0.104184276798	0.0232116350085	-0.426978062231
-0.104297099683	0.0232629661726	-0.426982532059
-0.104408814161	0.0233137936163	-0.426986517074
-0.10452094503	0.0233648687349	-0.42784217866
-0.1046331482	0.0234160927586	-0.428698726118
-0.10474584549	0.0234676009992	-0.428702912585
-0.104857486754	0.0235186271302	-0.42870678772
-0.104969607304	0.0235699306266	-0.42956304277
-0.10508170732	0.0236213408561	-0.43041947687
-0.105193853245	0.0236728884314	-0.431276598669
-0.105306530249	0.0237247390174	-0.431281648131
-0.105417711217	0.023775901948	-0.431288032759
-0.105529802605	0.0238275424299	-0.432145080222
-0.105641663607	0.0238791930367	-0.433000704307
-0.105754306133	0.0239312633049	-0.433006175283
-0.105865579534	0.0239827013911	-0.433011176744
-0.105977478215	0.024034487021	-0.433867431789
-0.10608931897	0.0240863621637	-0.434723583156
-0.106201114033	0.0241383324645	-0.435579725042
-0.106313387907	0.0241905840488	-0.435583403397
-0.106424684474	0.0242423813097	-0.435587209392
-0.10653647647	0.0242944676424	-0.436443671955
-0.106649002778	0.02434701345	-0.43730610471
-0.106760002597	0.0243989630927	-0.438157181098
-0.106872325807	0.0244515903706	-0.438162273764
-0.106983313863	0.0245035927799	-0.4381674182
-0.107094876529	0.0245559230286	-0.43902315541
-0.107206433593	0.0246083671644	-0.43987919358
-0.107317973967	0.0246609200858	-0.440735448573
-0.107430039792	0.0247137794981	-0.440739609502
-0.107541092517	0.0247661615796	-0.440743225785
-0.107653310222	0.0248191521616	-0.441605031564
-0.107764079205	0.0248715754342	-0.442456058136
-0.107875507083	0.024924426655	-0.443312492187
-0.107987761098	0.0249777290782	-0.44331915041
-0.108098325984	0.0250302303257	-0.443325474843
-0.108209596462	0.0250831254429	-0.444181052252
-0.108321015142	0.0251362079286	-0.445038118114
-0.108432236457	0.0251893133931	-0.44589401558
-0.108544001572	0.0252427374979	-0.445897972179
-0.10865476372	0.0252956827082	-0.445901733867
-0.108765992921	0.0253489099462	-0.446758045449
-0.108877209515	0.0254022482438	-0.447614611282
-0.108988836832	0.0254558426011	-0.447618215675
-0.109099517527	0.0255089829658	-0.447621901966
-0.109210945776	0.0255625412183	-0.448480453941
-0.109322127241	0.0256160984097	-0.449337458422
